P = sparse(259,259); 
 P(1,42)=1; 
 P(1,44)=1; 
 P(1,46)=1; 
 P(1,49)=1; 
 P(1,53)=1; 
 P(1,58)=1; 
 P(1,64)=1; 
 P(1,71)=1; 
 P(1,79)=1; 
 P(1,88)=1; 
 P(1,98)=1; 
 P(1,109)=1; 
 P(1,121)=1; 
 P(1,134)=1; 
 P(1,148)=1; 
 P(1,163)=1; 
 P(1,179)=1; 
 P(1,196)=1; 
 P(1,214)=1; 
 P(1,233)=1; 
 P(1,234)=1; 
 P(2,3)=1; 
 P(3,3)=1; 
 P(4,5)=1; 
 P(5,5)=1; 
 P(6,7)=1; 
 P(7,7)=1; 
 P(8,9)=1; 
 P(9,9)=1; 
 P(10,11)=1; 
 P(11,11)=1; 
 P(12,13)=1; 
 P(13,13)=1; 
 P(14,15)=1; 
 P(15,15)=1; 
 P(16,17)=1; 
 P(17,17)=1; 
 P(18,19)=1; 
 P(19,19)=1; 
 P(20,21)=1; 
 P(21,21)=1; 
 P(22,23)=1; 
 P(23,23)=1; 
 P(24,25)=1; 
 P(25,25)=1; 
 P(26,27)=1; 
 P(27,27)=1; 
 P(28,29)=1; 
 P(29,29)=1; 
 P(30,31)=1; 
 P(31,31)=1; 
 P(32,33)=1; 
 P(33,33)=1; 
 P(34,35)=1; 
 P(35,35)=1; 
 P(36,37)=1; 
 P(37,37)=1; 
 P(38,39)=1; 
 P(39,39)=1; 
 P(40,41)=1; 
 P(41,41)=1; 
 P(42,43)=1; 
 P(43,43)=1; 
 P(44,40)=1; 
 P(44,42)=1; 
 P(45,38)=1; 
 P(45,40)=1; 
 P(46,44)=1; 
 P(46,45)=1; 
 P(47,38)=1; 
 P(48,45)=1; 
 P(48,47)=1; 
 P(49,46)=1; 
 P(49,48)=1; 
 P(50,34)=1; 
 P(50,36)=1; 
 P(51,47)=1; 
 P(52,48)=1; 
 P(52,51)=1; 
 P(53,49)=1; 
 P(53,52)=1; 
 P(54,32)=1; 
 P(54,34)=1; 
 P(55,50)=1; 
 P(55,54)=1; 
 P(56,51)=1; 
 P(57,52)=1; 
 P(57,56)=1; 
 P(58,53)=1; 
 P(58,57)=1; 
 P(59,30)=1; 
 P(59,32)=1; 
 P(60,54)=1; 
 P(60,59)=1; 
 P(61,55)=1; 
 P(61,60)=1; 
 P(62,56)=1; 
 P(63,57)=1; 
 P(63,62)=1; 
 P(64,58)=1; 
 P(64,63)=1; 
 P(65,28)=1; 
 P(65,30)=1; 
 P(66,59)=1; 
 P(66,65)=1; 
 P(67,60)=1; 
 P(67,66)=1; 
 P(68,61)=1; 
 P(68,67)=1; 
 P(69,62)=1; 
 P(70,63)=1; 
 P(70,69)=1; 
 P(71,64)=1; 
 P(71,70)=1; 
 P(72,26)=1; 
 P(72,28)=1; 
 P(73,65)=1; 
 P(73,72)=1; 
 P(74,66)=1; 
 P(74,73)=1; 
 P(75,67)=1; 
 P(75,74)=1; 
 P(76,68)=1; 
 P(76,75)=1; 
 P(77,69)=1; 
 P(78,70)=1; 
 P(78,77)=1; 
 P(79,71)=1; 
 P(79,78)=1; 
 P(80,24)=1; 
 P(80,26)=1; 
 P(81,72)=1; 
 P(81,80)=1; 
 P(82,73)=1; 
 P(82,81)=1; 
 P(83,74)=1; 
 P(83,82)=1; 
 P(84,75)=1; 
 P(84,83)=1; 
 P(85,76)=1; 
 P(85,84)=1; 
 P(86,77)=1; 
 P(87,78)=1; 
 P(87,86)=1; 
 P(88,79)=1; 
 P(88,87)=1; 
 P(89,22)=1; 
 P(89,24)=1; 
 P(90,80)=1; 
 P(90,89)=1; 
 P(91,81)=1; 
 P(91,90)=1; 
 P(92,82)=1; 
 P(92,91)=1; 
 P(93,83)=1; 
 P(93,92)=1; 
 P(94,84)=1; 
 P(94,93)=1; 
 P(95,85)=1; 
 P(95,94)=1; 
 P(96,86)=1; 
 P(96,95)=1; 
 P(97,87)=1; 
 P(97,96)=1; 
 P(98,88)=1; 
 P(98,97)=1; 
 P(99,20)=1; 
 P(99,22)=1; 
 P(100,89)=1; 
 P(100,99)=1; 
 P(101,90)=1; 
 P(101,100)=1; 
 P(102,91)=1; 
 P(102,101)=1; 
 P(103,92)=1; 
 P(103,102)=1; 
 P(104,93)=1; 
 P(104,103)=1; 
 P(105,94)=1; 
 P(105,104)=1; 
 P(106,95)=1; 
 P(107,96)=1; 
 P(107,106)=1; 
 P(108,97)=1; 
 P(109,98)=1; 
 P(109,108)=1; 
 P(110,18)=1; 
 P(110,20)=1; 
 P(111,99)=1; 
 P(111,110)=1; 
 P(112,100)=1; 
 P(112,111)=1; 
 P(113,101)=1; 
 P(113,112)=1; 
 P(114,102)=1; 
 P(114,113)=1; 
 P(115,103)=1; 
 P(115,114)=1; 
 P(116,104)=1; 
 P(116,115)=1; 
 P(117,105)=1; 
 P(117,116)=1; 
 P(118,106)=1; 
 P(119,107)=1; 
 P(119,118)=1; 
 P(120,108)=1; 
 P(121,109)=1; 
 P(121,120)=1; 
 P(122,16)=1; 
 P(122,18)=1; 
 P(123,110)=1; 
 P(123,122)=1; 
 P(124,111)=1; 
 P(124,123)=1; 
 P(125,112)=1; 
 P(125,124)=1; 
 P(126,113)=1; 
 P(126,125)=1; 
 P(127,114)=1; 
 P(127,126)=1; 
 P(128,115)=1; 
 P(128,127)=1; 
 P(129,116)=1; 
 P(129,128)=1; 
 P(130,117)=1; 
 P(130,129)=1; 
 P(131,118)=1; 
 P(132,119)=1; 
 P(132,131)=1; 
 P(133,120)=1; 
 P(134,121)=1; 
 P(134,133)=1; 
 P(135,14)=1; 
 P(135,16)=1; 
 P(136,122)=1; 
 P(136,135)=1; 
 P(137,123)=1; 
 P(137,136)=1; 
 P(138,124)=1; 
 P(138,137)=1; 
 P(139,125)=1; 
 P(139,138)=1; 
 P(140,126)=1; 
 P(140,139)=1; 
 P(141,127)=1; 
 P(141,140)=1; 
 P(142,128)=1; 
 P(142,141)=1; 
 P(143,129)=1; 
 P(143,142)=1; 
 P(144,130)=1; 
 P(144,143)=1; 
 P(145,131)=1; 
 P(146,132)=1; 
 P(146,145)=1; 
 P(147,133)=1; 
 P(148,134)=1; 
 P(148,147)=1; 
 P(149,12)=1; 
 P(149,14)=1; 
 P(150,135)=1; 
 P(150,149)=1; 
 P(151,136)=1; 
 P(151,150)=1; 
 P(152,137)=1; 
 P(152,151)=1; 
 P(153,138)=1; 
 P(153,152)=1; 
 P(154,139)=1; 
 P(154,153)=1; 
 P(155,140)=1; 
 P(155,154)=1; 
 P(156,141)=1; 
 P(156,155)=1; 
 P(157,142)=1; 
 P(157,156)=1; 
 P(158,143)=1; 
 P(158,157)=1; 
 P(159,144)=1; 
 P(159,158)=1; 
 P(160,145)=1; 
 P(161,146)=1; 
 P(161,160)=1; 
 P(162,147)=1; 
 P(163,148)=1; 
 P(163,162)=1; 
 P(164,10)=1; 
 P(164,12)=1; 
 P(165,149)=1; 
 P(165,164)=1; 
 P(166,150)=1; 
 P(166,165)=1; 
 P(167,151)=1; 
 P(167,166)=1; 
 P(168,152)=1; 
 P(168,167)=1; 
 P(169,153)=1; 
 P(169,168)=1; 
 P(170,154)=1; 
 P(170,169)=1; 
 P(171,155)=1; 
 P(171,170)=1; 
 P(172,156)=1; 
 P(172,171)=1; 
 P(173,157)=1; 
 P(173,172)=1; 
 P(174,158)=1; 
 P(174,173)=1; 
 P(175,159)=1; 
 P(175,174)=1; 
 P(176,160)=1; 
 P(177,161)=1; 
 P(177,176)=1; 
 P(178,162)=1; 
 P(179,163)=1; 
 P(179,178)=1; 
 P(180,8)=1; 
 P(180,10)=1; 
 P(181,164)=1; 
 P(181,180)=1; 
 P(182,165)=1; 
 P(182,181)=1; 
 P(183,166)=1; 
 P(183,182)=1; 
 P(184,167)=1; 
 P(184,183)=1; 
 P(185,168)=1; 
 P(185,184)=1; 
 P(186,169)=1; 
 P(186,185)=1; 
 P(187,170)=1; 
 P(187,186)=1; 
 P(188,171)=1; 
 P(188,187)=1; 
 P(189,172)=1; 
 P(189,188)=1; 
 P(190,173)=1; 
 P(190,189)=1; 
 P(191,174)=1; 
 P(191,190)=1; 
 P(192,175)=1; 
 P(192,191)=1; 
 P(193,176)=1; 
 P(194,177)=1; 
 P(194,193)=1; 
 P(195,178)=1; 
 P(196,179)=1; 
 P(196,195)=1; 
 P(197,6)=1; 
 P(197,8)=1; 
 P(198,180)=1; 
 P(198,197)=1; 
 P(199,181)=1; 
 P(199,198)=1; 
 P(200,182)=1; 
 P(200,199)=1; 
 P(201,183)=1; 
 P(201,200)=1; 
 P(202,184)=1; 
 P(202,201)=1; 
 P(203,185)=1; 
 P(203,202)=1; 
 P(204,186)=1; 
 P(204,203)=1; 
 P(205,187)=1; 
 P(205,204)=1; 
 P(206,188)=1; 
 P(206,205)=1; 
 P(207,189)=1; 
 P(207,206)=1; 
 P(208,190)=1; 
 P(208,207)=1; 
 P(209,191)=1; 
 P(209,208)=1; 
 P(210,192)=1; 
 P(210,209)=1; 
 P(211,193)=1; 
 P(211,210)=1; 
 P(212,194)=1; 
 P(212,211)=1; 
 P(213,195)=1; 
 P(214,196)=1; 
 P(214,213)=1; 
 P(215,4)=1; 
 P(215,6)=1; 
 P(216,197)=1; 
 P(216,215)=1; 
 P(217,198)=1; 
 P(217,216)=1; 
 P(218,199)=1; 
 P(218,217)=1; 
 P(219,200)=1; 
 P(219,218)=1; 
 P(220,201)=1; 
 P(220,219)=1; 
 P(221,202)=1; 
 P(221,220)=1; 
 P(222,203)=1; 
 P(222,221)=1; 
 P(223,204)=1; 
 P(223,222)=1; 
 P(224,205)=1; 
 P(224,223)=1; 
 P(225,206)=1; 
 P(225,224)=1; 
 P(226,207)=1; 
 P(226,225)=1; 
 P(227,208)=1; 
 P(227,226)=1; 
 P(228,209)=1; 
 P(228,227)=1; 
 P(229,210)=1; 
 P(230,211)=1; 
 P(230,229)=1; 
 P(231,212)=1; 
 P(232,213)=1; 
 P(233,214)=1; 
 P(233,232)=1; 
 P(234,2)=1; 
 P(108,235)=1; 
 P(235,107)=1; 
 P(120,236)=1; 
 P(236,119)=1; 
 P(133,237)=1; 
 P(237,132)=1; 
 P(147,238)=1; 
 P(238,146)=1; 
 P(162,239)=1; 
 P(239,161)=1; 
 P(178,240)=1; 
 P(240,177)=1; 
 P(195,241)=1; 
 P(241,194)=1; 
 P(213,242)=1; 
 P(242,212)=1; 
 P(232,243)=1; 
 P(243,231)=1; 
 P(47,244)=1; 
 P(244,36)=1; 
 P(51,245)=1; 
 P(245,50)=1; 
 P(56,246)=1; 
 P(246,55)=1; 
 P(62,247)=1; 
 P(247,61)=1; 
 P(69,248)=1; 
 P(248,68)=1; 
 P(77,249)=1; 
 P(249,76)=1; 
 P(86,250)=1; 
 P(250,85)=1; 
 P(106,251)=1; 
 P(251,105)=1; 
 P(118,252)=1; 
 P(252,117)=1; 
 P(131,253)=1; 
 P(253,130)=1; 
 P(145,254)=1; 
 P(254,144)=1; 
 P(160,255)=1; 
 P(255,159)=1; 
 P(176,256)=1; 
 P(256,175)=1; 
 P(193,257)=1; 
 P(257,192)=1; 
 P(231,258)=1; 
 P(258,230)=1; 
 P(229,259)=1; 
 P(259,228)=1; 
 
 
 
 fragment = [ 1 2 144 3 145 4 146 5 147 6 148 7 149 8 150 9 151 10 152 11 153 12 154 13 155 14 156 15 157 16 158 17 159 18 160 19 161 1 162 1 163 1 164 1 1 1 1 1 1 20 1 1 1 21 22 1 1 1 23 24 25 1 1 1 26 27 28 29 1 1 1 30 31 32 33 34 1 1 1 35 36 37 38 39 40 1 1 1 41 42 43 44 45 46 1 1 1 1 47 48 49 50 51 52 53 1 1 1 1 54 55 56 57 58 59 60 61 1 1 1 1 62 63 64 65 66 67 68 69 70 1 1 1 1 71 72 73 74 75 76 77 78 79 80 1 1 1 1 81 82 83 84 85 86 87 88 89 90 91 1 1 1 1 92 93 94 95 96 97 98 99 100 101 102 103 1 1 1 1 104 105 106 107 108 109 110 111 112 113 114 115 116 1 1 1 1 117 118 119 120 121 122 123 124 125 126 127 128 129 1 1 1 1 1 130 131 132 133 134 135 136 137 138 139 140 141 142 143 1 1 1 1 1 1 1 1 1 1 1 1 1 1 1 1 1 1 1 1 1 1 1 1 1 1 1 1 1 1 1];