P = sparse(146,146); 
 P(1,2)=1; 
 P(1,5)=1; 
 P(2,3)=1; 
 P(2,35)=1; 
 P(3,8)=1; 
 P(3,36)=1; 
 P(4,7)=1; 
 P(4,37)=1; 
 P(5,9)=1; 
 P(5,38)=1; 
 P(6,39)=1; 
 P(7,10)=1; 
 P(7,40)=1; 
 P(10,1)=1; 
 P(11,42)=1; 
 P(12,43)=1; 
 P(13,44)=1; 
 P(14,45)=1; 
 P(15,46)=1; 
 P(16,47)=1; 
 P(17,48)=1; 
 P(18,49)=1; 
 P(19,50)=1; 
 P(20,51)=1; 
 P(21,52)=1; 
 P(22,53)=1; 
 P(23,54)=1; 
 P(24,55)=1; 
 P(25,56)=1; 
 P(26,57)=1; 
 P(27,58)=1; 
 P(28,59)=1; 
 P(29,60)=1; 
 P(30,61)=1; 
 P(31,62)=1; 
 P(32,63)=1; 
 P(33,64)=1; 
 P(34,65)=1; 
 P(35,31)=1; 
 P(36,3)=1; 
 P(37,4)=1; 
 P(38,19)=1; 
 P(39,6)=1; 
 P(40,11)=1; 
 P(41,41)=1; 
 P(42,11)=1; 
 P(43,12)=1; 
 P(44,13)=1; 
 P(45,14)=1; 
 P(46,15)=1; 
 P(47,16)=1; 
 P(48,17)=1; 
 P(49,18)=1; 
 P(50,19)=1; 
 P(51,20)=1; 
 P(52,21)=1; 
 P(53,22)=1; 
 P(54,23)=1; 
 P(55,24)=1; 
 P(56,25)=1; 
 P(57,26)=1; 
 P(58,27)=1; 
 P(59,28)=1; 
 P(60,29)=1; 
 P(61,30)=1; 
 P(62,31)=1; 
 P(63,32)=1; 
 P(64,33)=1; 
 P(65,34)=1; 
 P(8,3)=1; 
 P(35,3)=1; 
 P(35,35)=1; 
 P(9,9)=1; 
 P(38,9)=1; 
 P(38,38)=1; 
 P(8,66)=1; 
 P(66,4)=1; 
 P(8,67)=1; 
 P(67,6)=1; 
 P(8,68)=1; 
 P(68,35)=1; 
 P(36,69)=1; 
 P(69,27)=1; 
 P(40,10)=1; 
 P(40,40)=1; 
 P(37,70)=1; 
 P(70,23)=1; 
 P(6,71)=1; 
 P(71,10)=1; 
 P(72,15)=1; 
 P(6,73)=1; 
 P(73,40)=1; 
 P(39,74)=1; 
 P(74,72)=1; 
 P(9,75)=1; 
 P(75,1)=1; 
 P(9,76)=1; 
 P(76,6)=1; 
 P(9,77)=1; 
 P(77,38)=1; 
 P(11,78)=1; 
 P(78,10)=1; 
 P(42,79)=1; 
 P(79,12)=1; 
 P(12,80)=1; 
 P(80,10)=1; 
 P(43,81)=1; 
 P(81,13)=1; 
 P(13,82)=1; 
 P(82,10)=1; 
 P(44,83)=1; 
 P(83,14)=1; 
 P(14,84)=1; 
 P(84,10)=1; 
 P(45,85)=1; 
 P(85,41)=1; 
 P(15,86)=1; 
 P(86,10)=1; 
 P(15,87)=1; 
 P(87,40)=1; 
 P(46,88)=1; 
 P(88,16)=1; 
 P(16,89)=1; 
 P(89,10)=1; 
 P(16,90)=1; 
 P(90,40)=1; 
 P(47,91)=1; 
 P(91,17)=1; 
 P(17,92)=1; 
 P(92,10)=1; 
 P(17,93)=1; 
 P(93,40)=1; 
 P(48,94)=1; 
 P(94,18)=1; 
 P(18,95)=1; 
 P(95,10)=1; 
 P(18,96)=1; 
 P(96,40)=1; 
 P(49,97)=1; 
 P(97,41)=1; 
 P(19,98)=1; 
 P(98,9)=1; 
 P(50,99)=1; 
 P(99,20)=1; 
 P(20,100)=1; 
 P(100,9)=1; 
 P(51,101)=1; 
 P(101,21)=1; 
 P(21,102)=1; 
 P(102,9)=1; 
 P(52,103)=1; 
 P(103,22)=1; 
 P(22,104)=1; 
 P(104,9)=1; 
 P(53,105)=1; 
 P(105,41)=1; 
 P(23,106)=1; 
 P(106,10)=1; 
 P(23,107)=1; 
 P(107,40)=1; 
 P(54,108)=1; 
 P(108,24)=1; 
 P(24,109)=1; 
 P(109,10)=1; 
 P(24,110)=1; 
 P(110,40)=1; 
 P(55,111)=1; 
 P(111,25)=1; 
 P(25,112)=1; 
 P(112,10)=1; 
 P(25,113)=1; 
 P(113,40)=1; 
 P(56,114)=1; 
 P(114,26)=1; 
 P(26,115)=1; 
 P(115,10)=1; 
 P(26,116)=1; 
 P(116,40)=1; 
 P(57,117)=1; 
 P(117,41)=1; 
 P(27,118)=1; 
 P(118,4)=1; 
 P(27,119)=1; 
 P(119,6)=1; 
 P(27,120)=1; 
 P(120,3)=1; 
 P(121,28)=1; 
 P(27,122)=1; 
 P(122,35)=1; 
 P(58,123)=1; 
 P(123,121)=1; 
 P(28,124)=1; 
 P(124,4)=1; 
 P(28,125)=1; 
 P(125,6)=1; 
 P(28,126)=1; 
 P(126,3)=1; 
 P(28,127)=1; 
 P(127,35)=1; 
 P(59,128)=1; 
 P(128,29)=1; 
 P(29,129)=1; 
 P(129,4)=1; 
 P(29,130)=1; 
 P(130,6)=1; 
 P(29,131)=1; 
 P(131,3)=1; 
 P(29,132)=1; 
 P(132,35)=1; 
 P(60,133)=1; 
 P(133,30)=1; 
 P(30,134)=1; 
 P(134,4)=1; 
 P(30,135)=1; 
 P(135,6)=1; 
 P(30,136)=1; 
 P(136,3)=1; 
 P(30,137)=1; 
 P(137,35)=1; 
 P(61,138)=1; 
 P(138,41)=1; 
 P(31,139)=1; 
 P(139,3)=1; 
 P(62,140)=1; 
 P(140,32)=1; 
 P(32,141)=1; 
 P(141,3)=1; 
 P(63,142)=1; 
 P(142,33)=1; 
 P(33,143)=1; 
 P(143,3)=1; 
 P(64,144)=1; 
 P(144,34)=1; 
 P(34,145)=1; 
 P(145,3)=1; 
 P(65,146)=1; 
 P(146,41)=1; 
 
 
 
 fragment = [ 1 1 2 3 1 5 3 2 7 35 8 9 10 11 12 13 14 15 16 17 18 19 20 21 22 23 25 26 27 28 29 30 31 32 36 2 3 37 5 38 39 8 9 10 11 12 13 14 15 16 17 18 19 20 21 22 23 25 26 27 28 29 30 31 32 2 2 2 2 3 5 33 5 5 7 7 7 8 8 9 9 10 10 11 11 12 12 12 13 13 13 14 14 14 15 15 15 16 16 17 17 18 18 19 19 20 20 20 21 21 21 22 22 22 23 23 23 25 25 25 34 25 25 26 26 26 26 26 27 27 27 27 27 28 28 28 28 28 29 29 30 30 31 31 32 32];