P = sparse(65,65); 
 P(1,2)=1; 
 P(1,5)=1; 
 P(2,3)=1; 
 P(2,35)=1; 
 P(3,8)=1; 
 P(3,36)=1; 
 P(4,7)=1; 
 P(4,37)=1; 
 P(5,9)=1; 
 P(5,38)=1; 
 P(6,7)=1; 
 P(6,39)=1; 
 P(7,10)=1; 
 P(7,40)=1; 
 P(8,2)=1; 
 P(8,4)=1; 
 P(8,6)=1; 
 P(9,1)=1; 
 P(9,5)=1; 
 P(9,6)=1; 
 P(10,1)=1; 
 P(11,10)=1; 
 P(11,42)=1; 
 P(12,10)=1; 
 P(12,43)=1; 
 P(13,10)=1; 
 P(13,44)=1; 
 P(14,10)=1; 
 P(14,45)=1; 
 P(15,7)=1; 
 P(15,46)=1; 
 P(16,7)=1; 
 P(16,47)=1; 
 P(17,7)=1; 
 P(17,48)=1; 
 P(18,7)=1; 
 P(18,49)=1; 
 P(19,9)=1; 
 P(19,50)=1; 
 P(20,9)=1; 
 P(20,51)=1; 
 P(21,9)=1; 
 P(21,52)=1; 
 P(22,9)=1; 
 P(22,53)=1; 
 P(23,7)=1; 
 P(23,54)=1; 
 P(24,7)=1; 
 P(24,55)=1; 
 P(25,7)=1; 
 P(25,56)=1; 
 P(26,7)=1; 
 P(26,57)=1; 
 P(27,8)=1; 
 P(27,58)=1; 
 P(28,8)=1; 
 P(28,59)=1; 
 P(29,8)=1; 
 P(29,60)=1; 
 P(30,8)=1; 
 P(30,61)=1; 
 P(31,3)=1; 
 P(31,62)=1; 
 P(32,3)=1; 
 P(32,63)=1; 
 P(33,3)=1; 
 P(33,64)=1; 
 P(34,3)=1; 
 P(34,65)=1; 
 P(35,2)=1; 
 P(35,31)=1; 
 P(36,3)=1; 
 P(36,27)=1; 
 P(37,4)=1; 
 P(37,23)=1; 
 P(38,5)=1; 
 P(38,19)=1; 
 P(39,6)=1; 
 P(39,15)=1; 
 P(40,7)=1; 
 P(40,11)=1; 
 P(41,41)=1; 
 P(42,11)=1; 
 P(42,12)=1; 
 P(43,12)=1; 
 P(43,13)=1; 
 P(44,13)=1; 
 P(44,14)=1; 
 P(45,14)=1; 
 P(45,41)=1; 
 P(46,15)=1; 
 P(46,16)=1; 
 P(47,16)=1; 
 P(47,17)=1; 
 P(48,17)=1; 
 P(48,18)=1; 
 P(49,18)=1; 
 P(49,41)=1; 
 P(50,19)=1; 
 P(50,20)=1; 
 P(51,20)=1; 
 P(51,21)=1; 
 P(52,21)=1; 
 P(52,22)=1; 
 P(53,22)=1; 
 P(53,41)=1; 
 P(54,23)=1; 
 P(54,24)=1; 
 P(55,24)=1; 
 P(55,25)=1; 
 P(56,25)=1; 
 P(56,26)=1; 
 P(57,26)=1; 
 P(57,41)=1; 
 P(58,27)=1; 
 P(58,28)=1; 
 P(59,28)=1; 
 P(59,29)=1; 
 P(60,29)=1; 
 P(60,30)=1; 
 P(61,30)=1; 
 P(61,41)=1; 
 P(62,31)=1; 
 P(62,32)=1; 
 P(63,32)=1; 
 P(63,33)=1; 
 P(64,33)=1; 
 P(64,34)=1; 
 P(65,34)=1; 
 P(65,41)=1; 
 
 
 
 fragment = [ 0 0 0 0 0 0 0 0 0 74 0 0 0 0 0 0 0 0 0 0 0 0 0 0 0 0 0 0 0 0 0 0 0 0 0 0 0 0 0 0 105 0 0 0 0 0 0 0 0 0 0 0 0 0 0 0 0 0 0 0 0 0 0 0 0];