P = sparse(35,35); 
 P(1,2)=1; 
 P(1,5)=1; 
 P(2,3)=1; 
 P(2,32)=1; 
 P(3,8)=1; 
 P(3,28)=1; 
 P(4,7)=1; 
 P(4,24)=1; 
 P(5,9)=1; 
 P(5,20)=1; 
 P(6,7)=1; 
 P(6,16)=1; 
 P(7,11)=1; 
 P(7,12)=1; 
 P(8,2)=1; 
 P(8,4)=1; 
 P(8,6)=1; 
 P(9,1)=1; 
 P(9,5)=1; 
 P(9,6)=1; 
 P(10,10)=1; 
 P(11,1)=1; 
 P(12,11)=1; 
 P(12,13)=1; 
 P(13,11)=1; 
 P(13,14)=1; 
 P(14,11)=1; 
 P(14,15)=1; 
 P(15,10)=1; 
 P(15,11)=1; 
 P(16,7)=1; 
 P(16,17)=1; 
 P(17,7)=1; 
 P(17,18)=1; 
 P(18,7)=1; 
 P(18,19)=1; 
 P(19,7)=1; 
 P(19,10)=1; 
 P(20,9)=1; 
 P(20,21)=1; 
 P(21,9)=1; 
 P(21,22)=1; 
 P(22,9)=1; 
 P(22,23)=1; 
 P(23,9)=1; 
 P(23,10)=1; 
 P(24,7)=1; 
 P(24,25)=1; 
 P(25,7)=1; 
 P(25,26)=1; 
 P(26,7)=1; 
 P(26,27)=1; 
 P(27,7)=1; 
 P(27,10)=1; 
 P(28,8)=1; 
 P(28,29)=1; 
 P(29,8)=1; 
 P(29,30)=1; 
 P(30,8)=1; 
 P(30,31)=1; 
 P(31,8)=1; 
 P(31,10)=1; 
 P(32,3)=1; 
 P(32,33)=1; 
 P(33,3)=1; 
 P(33,34)=1; 
 P(34,3)=1; 
 P(34,35)=1; 
 P(35,3)=1; 
 P(35,10)=1; 
 
 
 
 fragment = [ 0 0 0 0 0 0 0 0 0 44 45 0 0 0 0 0 0 0 0 0 0 0 0 0 0 0 0 0 0 0 0 0 0 0 0];