P = sparse(208,208); 
 P(1,2)=1; 
 P(1,5)=1; 
 P(2,17)=1; 
 P(2,18)=1; 
 P(2,19)=1; 
 P(2,20)=1; 
 P(2,21)=1; 
 P(2,22)=1; 
 P(2,23)=1; 
 P(2,24)=1; 
 P(2,25)=1; 
 P(2,26)=1; 
 P(2,27)=1; 
 P(2,28)=1; 
 P(2,29)=1; 
 P(2,30)=1; 
 P(2,31)=1; 
 P(2,32)=1; 
 P(2,33)=1; 
 P(2,34)=1; 
 P(2,35)=1; 
 P(2,36)=1; 
 P(2,37)=1; 
 P(2,38)=1; 
 P(2,39)=1; 
 P(2,40)=1; 
 P(2,41)=1; 
 P(2,42)=1; 
 P(2,43)=1; 
 P(2,44)=1; 
 P(2,45)=1; 
 P(2,46)=1; 
 P(2,47)=1; 
 P(2,48)=1; 
 P(3,49)=1; 
 P(3,50)=1; 
 P(3,51)=1; 
 P(3,52)=1; 
 P(3,53)=1; 
 P(3,54)=1; 
 P(3,55)=1; 
 P(3,56)=1; 
 P(3,57)=1; 
 P(3,58)=1; 
 P(3,59)=1; 
 P(3,60)=1; 
 P(3,61)=1; 
 P(3,62)=1; 
 P(3,63)=1; 
 P(3,64)=1; 
 P(3,65)=1; 
 P(3,66)=1; 
 P(3,67)=1; 
 P(3,68)=1; 
 P(3,69)=1; 
 P(3,70)=1; 
 P(3,71)=1; 
 P(3,72)=1; 
 P(3,73)=1; 
 P(3,74)=1; 
 P(3,75)=1; 
 P(3,76)=1; 
 P(3,77)=1; 
 P(3,78)=1; 
 P(3,79)=1; 
 P(3,80)=1; 
 P(4,81)=1; 
 P(4,82)=1; 
 P(4,83)=1; 
 P(4,84)=1; 
 P(4,85)=1; 
 P(4,86)=1; 
 P(4,87)=1; 
 P(4,88)=1; 
 P(4,89)=1; 
 P(4,90)=1; 
 P(4,91)=1; 
 P(4,92)=1; 
 P(4,93)=1; 
 P(4,94)=1; 
 P(4,95)=1; 
 P(4,96)=1; 
 P(4,97)=1; 
 P(4,98)=1; 
 P(4,99)=1; 
 P(4,100)=1; 
 P(4,101)=1; 
 P(4,102)=1; 
 P(4,103)=1; 
 P(4,104)=1; 
 P(4,105)=1; 
 P(4,106)=1; 
 P(4,107)=1; 
 P(4,108)=1; 
 P(4,109)=1; 
 P(4,110)=1; 
 P(4,111)=1; 
 P(4,112)=1; 
 P(5,113)=1; 
 P(5,114)=1; 
 P(5,115)=1; 
 P(5,116)=1; 
 P(5,117)=1; 
 P(5,118)=1; 
 P(5,119)=1; 
 P(5,120)=1; 
 P(5,121)=1; 
 P(5,122)=1; 
 P(5,123)=1; 
 P(5,124)=1; 
 P(5,125)=1; 
 P(5,126)=1; 
 P(5,127)=1; 
 P(5,128)=1; 
 P(5,129)=1; 
 P(5,130)=1; 
 P(5,131)=1; 
 P(5,132)=1; 
 P(5,133)=1; 
 P(5,134)=1; 
 P(5,135)=1; 
 P(5,136)=1; 
 P(5,137)=1; 
 P(5,138)=1; 
 P(5,139)=1; 
 P(5,140)=1; 
 P(5,141)=1; 
 P(5,142)=1; 
 P(5,143)=1; 
 P(5,144)=1; 
 P(6,145)=1; 
 P(6,146)=1; 
 P(6,147)=1; 
 P(6,148)=1; 
 P(6,149)=1; 
 P(6,150)=1; 
 P(6,151)=1; 
 P(6,152)=1; 
 P(6,153)=1; 
 P(6,154)=1; 
 P(6,155)=1; 
 P(6,156)=1; 
 P(6,157)=1; 
 P(6,158)=1; 
 P(6,159)=1; 
 P(6,160)=1; 
 P(6,161)=1; 
 P(6,162)=1; 
 P(6,163)=1; 
 P(6,164)=1; 
 P(6,165)=1; 
 P(6,166)=1; 
 P(6,167)=1; 
 P(6,168)=1; 
 P(6,169)=1; 
 P(6,170)=1; 
 P(6,171)=1; 
 P(6,172)=1; 
 P(6,173)=1; 
 P(6,174)=1; 
 P(6,175)=1; 
 P(6,176)=1; 
 P(7,177)=1; 
 P(7,178)=1; 
 P(7,179)=1; 
 P(7,180)=1; 
 P(7,181)=1; 
 P(7,182)=1; 
 P(7,183)=1; 
 P(7,184)=1; 
 P(7,185)=1; 
 P(7,186)=1; 
 P(7,187)=1; 
 P(7,188)=1; 
 P(7,189)=1; 
 P(7,190)=1; 
 P(7,191)=1; 
 P(7,192)=1; 
 P(7,193)=1; 
 P(7,194)=1; 
 P(7,195)=1; 
 P(7,196)=1; 
 P(7,197)=1; 
 P(7,198)=1; 
 P(7,199)=1; 
 P(7,200)=1; 
 P(7,201)=1; 
 P(7,202)=1; 
 P(7,203)=1; 
 P(7,204)=1; 
 P(7,205)=1; 
 P(7,206)=1; 
 P(7,207)=1; 
 P(7,208)=1; 
 P(8,2)=1; 
 P(8,4)=1; 
 P(8,6)=1; 
 P(9,1)=1; 
 P(9,5)=1; 
 P(9,6)=1; 
 P(10,10)=1; 
 P(11,11)=1; 
 P(12,12)=1; 
 P(13,13)=1; 
 P(14,14)=1; 
 P(15,15)=1; 
 P(16,1)=1; 
 P(17,3)=1; 
 P(18,3)=1; 
 P(19,3)=1; 
 P(20,3)=1; 
 P(21,3)=1; 
 P(22,3)=1; 
 P(23,3)=1; 
 P(24,3)=1; 
 P(25,3)=1; 
 P(26,3)=1; 
 P(27,3)=1; 
 P(28,3)=1; 
 P(29,3)=1; 
 P(30,3)=1; 
 P(31,3)=1; 
 P(32,3)=1; 
 P(33,3)=1; 
 P(34,3)=1; 
 P(35,3)=1; 
 P(36,3)=1; 
 P(37,3)=1; 
 P(38,3)=1; 
 P(39,3)=1; 
 P(40,3)=1; 
 P(41,3)=1; 
 P(42,3)=1; 
 P(43,3)=1; 
 P(44,3)=1; 
 P(45,3)=1; 
 P(46,3)=1; 
 P(47,3)=1; 
 P(48,15)=1; 
 P(49,8)=1; 
 P(50,8)=1; 
 P(51,8)=1; 
 P(52,8)=1; 
 P(53,8)=1; 
 P(54,8)=1; 
 P(55,8)=1; 
 P(56,8)=1; 
 P(57,8)=1; 
 P(58,8)=1; 
 P(59,8)=1; 
 P(60,8)=1; 
 P(61,8)=1; 
 P(62,8)=1; 
 P(63,8)=1; 
 P(64,8)=1; 
 P(65,8)=1; 
 P(66,8)=1; 
 P(67,8)=1; 
 P(68,8)=1; 
 P(69,8)=1; 
 P(70,8)=1; 
 P(71,8)=1; 
 P(72,8)=1; 
 P(73,8)=1; 
 P(74,8)=1; 
 P(75,8)=1; 
 P(76,8)=1; 
 P(77,8)=1; 
 P(78,8)=1; 
 P(79,8)=1; 
 P(80,14)=1; 
 P(81,7)=1; 
 P(82,7)=1; 
 P(83,7)=1; 
 P(84,7)=1; 
 P(85,7)=1; 
 P(86,7)=1; 
 P(87,7)=1; 
 P(88,7)=1; 
 P(89,7)=1; 
 P(90,7)=1; 
 P(91,7)=1; 
 P(92,7)=1; 
 P(93,7)=1; 
 P(94,7)=1; 
 P(95,7)=1; 
 P(96,7)=1; 
 P(97,7)=1; 
 P(98,7)=1; 
 P(99,7)=1; 
 P(100,7)=1; 
 P(101,7)=1; 
 P(102,7)=1; 
 P(103,7)=1; 
 P(104,7)=1; 
 P(105,7)=1; 
 P(106,7)=1; 
 P(107,7)=1; 
 P(108,7)=1; 
 P(109,7)=1; 
 P(110,7)=1; 
 P(111,7)=1; 
 P(112,13)=1; 
 P(113,9)=1; 
 P(114,9)=1; 
 P(115,9)=1; 
 P(116,9)=1; 
 P(117,9)=1; 
 P(118,9)=1; 
 P(119,9)=1; 
 P(120,9)=1; 
 P(121,9)=1; 
 P(122,9)=1; 
 P(123,9)=1; 
 P(124,9)=1; 
 P(125,9)=1; 
 P(126,9)=1; 
 P(127,9)=1; 
 P(128,9)=1; 
 P(129,9)=1; 
 P(130,9)=1; 
 P(131,9)=1; 
 P(132,9)=1; 
 P(133,9)=1; 
 P(134,9)=1; 
 P(135,9)=1; 
 P(136,9)=1; 
 P(137,9)=1; 
 P(138,9)=1; 
 P(139,9)=1; 
 P(140,9)=1; 
 P(141,9)=1; 
 P(142,9)=1; 
 P(143,9)=1; 
 P(144,12)=1; 
 P(145,7)=1; 
 P(146,7)=1; 
 P(147,7)=1; 
 P(148,7)=1; 
 P(149,7)=1; 
 P(150,7)=1; 
 P(151,7)=1; 
 P(152,7)=1; 
 P(153,7)=1; 
 P(154,7)=1; 
 P(155,7)=1; 
 P(156,7)=1; 
 P(157,7)=1; 
 P(158,7)=1; 
 P(159,7)=1; 
 P(160,7)=1; 
 P(161,7)=1; 
 P(162,7)=1; 
 P(163,7)=1; 
 P(164,7)=1; 
 P(165,7)=1; 
 P(166,7)=1; 
 P(167,7)=1; 
 P(168,7)=1; 
 P(169,7)=1; 
 P(170,7)=1; 
 P(171,7)=1; 
 P(172,7)=1; 
 P(173,7)=1; 
 P(174,7)=1; 
 P(175,7)=1; 
 P(176,11)=1; 
 P(177,16)=1; 
 P(178,16)=1; 
 P(179,16)=1; 
 P(180,16)=1; 
 P(181,16)=1; 
 P(182,16)=1; 
 P(183,16)=1; 
 P(184,16)=1; 
 P(185,16)=1; 
 P(186,16)=1; 
 P(187,16)=1; 
 P(188,16)=1; 
 P(189,16)=1; 
 P(190,16)=1; 
 P(191,16)=1; 
 P(192,16)=1; 
 P(193,16)=1; 
 P(194,16)=1; 
 P(195,16)=1; 
 P(196,16)=1; 
 P(197,16)=1; 
 P(198,16)=1; 
 P(199,16)=1; 
 P(200,16)=1; 
 P(201,16)=1; 
 P(202,16)=1; 
 P(203,16)=1; 
 P(204,16)=1; 
 P(205,16)=1; 
 P(206,16)=1; 
 P(207,16)=1; 
 P(208,10)=1; 
 
 
 
 fragment = [ 0 0 0 0 0 0 0 0 0 217 218 219 220 221 222 223 0 0 0 0 0 0 0 0 0 0 0 0 0 0 0 0 0 0 0 0 0 0 0 0 0 0 0 0 0 0 0 0 0 0 0 0 0 0 0 0 0 0 0 0 0 0 0 0 0 0 0 0 0 0 0 0 0 0 0 0 0 0 0 0 0 0 0 0 0 0 0 0 0 0 0 0 0 0 0 0 0 0 0 0 0 0 0 0 0 0 0 0 0 0 0 0 0 0 0 0 0 0 0 0 0 0 0 0 0 0 0 0 0 0 0 0 0 0 0 0 0 0 0 0 0 0 0 0 0 0 0 0 0 0 0 0 0 0 0 0 0 0 0 0 0 0 0 0 0 0 0 0 0 0 0 0 0 0 0 0 0 0 0 0 0 0 0 0 0 0 0 0 0 0 0 0 0 0 0 0 0 0 0 0 0 0 0 0 0 0 0 0];