P = sparse(110,110); 
 P(1,2)=1; 
 P(1,84)=1; 
 P(2,3)=1; 
 P(2,28)=1; 
 P(3,4)=1; 
 P(3,109)=1; 
 P(4,5)=1; 
 P(4,27)=1; 
 P(5,6)=1; 
 P(5,14)=1; 
 P(6,7)=1; 
 P(6,25)=1; 
 P(7,8)=1; 
 P(7,13)=1; 
 P(8,9)=1; 
 P(8,12)=1; 
 P(9,10)=1; 
 P(9,110)=1; 
 P(10,11)=1; 
 P(10,110)=1; 
 P(11,8)=1; 
 P(12,7)=1; 
 P(13,6)=1; 
 P(14,15)=1; 
 P(14,19)=1; 
 P(15,16)=1; 
 P(15,25)=1; 
 P(16,17)=1; 
 P(16,110)=1; 
 P(17,18)=1; 
 P(17,110)=1; 
 P(18,15)=1; 
 P(19,20)=1; 
 P(19,110)=1; 
 P(20,21)=1; 
 P(20,110)=1; 
 P(21,22)=1; 
 P(21,110)=1; 
 P(22,23)=1; 
 P(22,110)=1; 
 P(23,24)=1; 
 P(23,110)=1; 
 P(24,25)=1; 
 P(24,110)=1; 
 P(25,26)=1; 
 P(26,4)=1; 
 P(27,3)=1; 
 P(28,29)=1; 
 P(29,30)=1; 
 P(29,40)=1; 
 P(30,31)=1; 
 P(30,38)=1; 
 P(31,32)=1; 
 P(31,34)=1; 
 P(32,33)=1; 
 P(32,110)=1; 
 P(33,42)=1; 
 P(33,110)=1; 
 P(34,35)=1; 
 P(34,110)=1; 
 P(35,36)=1; 
 P(35,110)=1; 
 P(36,37)=1; 
 P(36,110)=1; 
 P(37,42)=1; 
 P(37,110)=1; 
 P(38,39)=1; 
 P(38,110)=1; 
 P(39,42)=1; 
 P(39,110)=1; 
 P(40,41)=1; 
 P(40,110)=1; 
 P(41,42)=1; 
 P(41,110)=1; 
 P(42,43)=1; 
 P(42,48)=1; 
 P(43,44)=1; 
 P(43,46)=1; 
 P(44,45)=1; 
 P(44,110)=1; 
 P(45,55)=1; 
 P(45,110)=1; 
 P(46,47)=1; 
 P(46,110)=1; 
 P(47,55)=1; 
 P(47,110)=1; 
 P(48,49)=1; 
 P(48,110)=1; 
 P(49,50)=1; 
 P(49,110)=1; 
 P(50,51)=1; 
 P(50,53)=1; 
 P(51,52)=1; 
 P(51,110)=1; 
 P(52,55)=1; 
 P(52,110)=1; 
 P(53,54)=1; 
 P(53,110)=1; 
 P(54,55)=1; 
 P(54,110)=1; 
 P(55,56)=1; 
 P(55,60)=1; 
 P(56,57)=1; 
 P(56,59)=1; 
 P(57,58)=1; 
 P(58,56)=1; 
 P(59,55)=1; 
 P(60,61)=1; 
 P(60,64)=1; 
 P(61,62)=1; 
 P(61,63)=1; 
 P(62,83)=1; 
 P(63,83)=1; 
 P(64,65)=1; 
 P(64,68)=1; 
 P(65,66)=1; 
 P(65,110)=1; 
 P(66,67)=1; 
 P(67,64)=1; 
 P(68,69)=1; 
 P(68,83)=1; 
 P(69,70)=1; 
 P(69,110)=1; 
 P(70,71)=1; 
 P(70,110)=1; 
 P(71,72)=1; 
 P(71,75)=1; 
 P(72,73)=1; 
 P(72,110)=1; 
 P(73,74)=1; 
 P(73,110)=1; 
 P(74,71)=1; 
 P(75,76)=1; 
 P(75,82)=1; 
 P(76,77)=1; 
 P(76,79)=1; 
 P(77,78)=1; 
 P(77,110)=1; 
 P(78,81)=1; 
 P(78,110)=1; 
 P(79,80)=1; 
 P(79,110)=1; 
 P(80,81)=1; 
 P(80,110)=1; 
 P(81,75)=1; 
 P(82,68)=1; 
 P(83,109)=1; 
 P(84,85)=1; 
 P(84,86)=1; 
 P(85,109)=1; 
 P(86,87)=1; 
 P(86,89)=1; 
 P(87,88)=1; 
 P(88,86)=1; 
 P(89,90)=1; 
 P(89,100)=1; 
 P(90,91)=1; 
 P(90,96)=1; 
 P(91,92)=1; 
 P(91,94)=1; 
 P(92,93)=1; 
 P(92,110)=1; 
 P(93,109)=1; 
 P(93,110)=1; 
 P(94,95)=1; 
 P(94,110)=1; 
 P(95,109)=1; 
 P(95,110)=1; 
 P(96,97)=1; 
 P(96,109)=1; 
 P(97,98)=1; 
 P(97,110)=1; 
 P(98,99)=1; 
 P(98,110)=1; 
 P(99,96)=1; 
 P(100,101)=1; 
 P(100,109)=1; 
 P(101,102)=1; 
 P(101,108)=1; 
 P(102,103)=1; 
 P(102,105)=1; 
 P(103,104)=1; 
 P(103,110)=1; 
 P(104,107)=1; 
 P(104,110)=1; 
 P(105,106)=1; 
 P(105,110)=1; 
 P(106,107)=1; 
 P(106,110)=1; 
 P(107,101)=1; 
 P(108,100)=1; 
 P(109,109)=1; 
 P(110,110)=1; 
 
 
 
 fragment = [ 0 0 0 0 0 0 0 0 0 0 0 0 0 0 0 0 0 0 0 0 0 0 0 0 0 0 0 0 0 0 0 0 0 0 0 0 0 0 0 0 0 0 0 0 0 0 0 0 0 0 0 0 0 0 0 0 0 0 0 0 0 0 0 0 0 0 0 0 0 0 0 0 0 0 0 0 0 0 0 0 0 0 0 0 0 0 0 0 0 0 0 0 0 0 0 0 0 0 0 0 0 0 0 0 0 0 0 0 218 219];