P = sparse(14,14); 
 P(1,2)=1; 
 P(1,5)=1; 
 P(2,3)=1; 
 P(3,8)=1; 
 P(4,7)=1; 
 P(4,10)=1; 
 P(5,9)=1; 
 P(6,7)=1; 
 P(6,10)=1; 
 P(7,10)=1; 
 P(7,11)=1; 
 P(8,2)=1; 
 P(8,4)=1; 
 P(8,6)=1; 
 P(9,1)=1; 
 P(9,5)=1; 
 P(9,6)=1; 
 P(10,10)=1; 
 P(11,1)=1; 
 P(2,12)=1; 
 P(12,10)=1; 
 P(5,13)=1; 
 P(13,10)=1; 
 P(3,14)=1; 
 P(14,10)=1; 
 
 
 
 fragment = [ 1 1 1 1 1 1 2 1 1 3 4 1 1 1];