P = sparse(41,41); 
 P(1,2)=1; 
 P(1,5)=1; 
 P(2,37)=1; 
 P(2,38)=1; 
 P(2,39)=1; 
 P(2,40)=1; 
 P(2,41)=1; 
 P(3,32)=1; 
 P(3,33)=1; 
 P(3,34)=1; 
 P(3,35)=1; 
 P(3,36)=1; 
 P(4,27)=1; 
 P(4,28)=1; 
 P(4,29)=1; 
 P(4,30)=1; 
 P(4,31)=1; 
 P(5,22)=1; 
 P(5,23)=1; 
 P(5,24)=1; 
 P(5,25)=1; 
 P(5,26)=1; 
 P(6,17)=1; 
 P(6,18)=1; 
 P(6,19)=1; 
 P(6,20)=1; 
 P(6,21)=1; 
 P(7,12)=1; 
 P(7,13)=1; 
 P(7,14)=1; 
 P(7,15)=1; 
 P(7,16)=1; 
 P(8,2)=1; 
 P(8,4)=1; 
 P(8,6)=1; 
 P(9,1)=1; 
 P(9,5)=1; 
 P(9,6)=1; 
 P(10,10)=1; 
 P(11,1)=1; 
 P(12,10)=1; 
 P(12,11)=1; 
 P(13,10)=1; 
 P(13,11)=1; 
 P(14,10)=1; 
 P(14,11)=1; 
 P(15,10)=1; 
 P(15,11)=1; 
 P(16,10)=1; 
 P(16,11)=1; 
 P(17,7)=1; 
 P(17,10)=1; 
 P(18,7)=1; 
 P(18,10)=1; 
 P(19,7)=1; 
 P(19,10)=1; 
 P(20,7)=1; 
 P(20,10)=1; 
 P(21,7)=1; 
 P(21,10)=1; 
 P(22,9)=1; 
 P(22,10)=1; 
 P(23,9)=1; 
 P(23,10)=1; 
 P(24,9)=1; 
 P(24,10)=1; 
 P(25,9)=1; 
 P(25,10)=1; 
 P(26,9)=1; 
 P(26,10)=1; 
 P(27,7)=1; 
 P(27,10)=1; 
 P(28,7)=1; 
 P(28,10)=1; 
 P(29,7)=1; 
 P(29,10)=1; 
 P(30,7)=1; 
 P(30,10)=1; 
 P(31,7)=1; 
 P(31,10)=1; 
 P(32,8)=1; 
 P(32,10)=1; 
 P(33,8)=1; 
 P(33,10)=1; 
 P(34,8)=1; 
 P(34,10)=1; 
 P(35,8)=1; 
 P(35,10)=1; 
 P(36,8)=1; 
 P(36,10)=1; 
 P(37,3)=1; 
 P(37,10)=1; 
 P(38,3)=1; 
 P(38,10)=1; 
 P(39,3)=1; 
 P(39,10)=1; 
 P(40,3)=1; 
 P(40,10)=1; 
 P(41,3)=1; 
 P(41,10)=1; 
 
 
 
 fragment = [ 0 0 0 0 0 0 0 0 0 50 51 0 0 0 0 0 0 0 0 0 0 0 0 0 0 0 0 0 0 0 0 0 0 0 0 0 0 0 0 0 0];