P = sparse(38,38); 
 P(1,2)=1; 
 P(1,5)=1; 
 P(2,27)=1; 
 P(2,28)=1; 
 P(2,29)=1; 
 P(3,24)=1; 
 P(3,25)=1; 
 P(3,26)=1; 
 P(4,21)=1; 
 P(4,22)=1; 
 P(4,23)=1; 
 P(5,18)=1; 
 P(5,19)=1; 
 P(5,20)=1; 
 P(6,15)=1; 
 P(6,16)=1; 
 P(6,17)=1; 
 P(7,12)=1; 
 P(7,13)=1; 
 P(7,14)=1; 
 P(8,2)=1; 
 P(8,4)=1; 
 P(8,6)=1; 
 P(9,1)=1; 
 P(9,5)=1; 
 P(9,6)=1; 
 P(10,10)=1; 
 P(11,1)=1; 
 P(12,10)=1; 
 P(12,11)=1; 
 P(13,10)=1; 
 P(13,11)=1; 
 P(14,10)=1; 
 P(14,11)=1; 
 P(15,7)=1; 
 P(15,10)=1; 
 P(16,7)=1; 
 P(16,10)=1; 
 P(17,7)=1; 
 P(17,10)=1; 
 P(18,9)=1; 
 P(19,9)=1; 
 P(20,9)=1; 
 P(21,7)=1; 
 P(21,10)=1; 
 P(22,7)=1; 
 P(22,10)=1; 
 P(23,7)=1; 
 P(23,10)=1; 
 P(24,8)=1; 
 P(25,8)=1; 
 P(26,8)=1; 
 P(27,3)=1; 
 P(28,3)=1; 
 P(29,3)=1; 
 P(18,30)=1; 
 P(30,10)=1; 
 P(19,31)=1; 
 P(31,10)=1; 
 P(20,32)=1; 
 P(32,10)=1; 
 P(25,33)=1; 
 P(33,10)=1; 
 P(26,34)=1; 
 P(34,10)=1; 
 P(24,35)=1; 
 P(35,10)=1; 
 P(27,36)=1; 
 P(36,10)=1; 
 P(28,37)=1; 
 P(37,10)=1; 
 P(29,38)=1; 
 P(38,10)=1; 
 
 
 
 fragment = [ 1 1 1 1 1 1 2 1 1 9 10 2 2 2 3 4 5 1 1 1 6 7 8 1 1 1 1 1 1 1 1 1 1 1 1 1 1 1];