P = sparse(47,47); 
 P(1,2)=1; 
 P(1,5)=1; 
 P(2,32)=1; 
 P(2,33)=1; 
 P(2,34)=1; 
 P(2,35)=1; 
 P(3,28)=1; 
 P(3,29)=1; 
 P(3,30)=1; 
 P(3,31)=1; 
 P(4,24)=1; 
 P(4,25)=1; 
 P(4,26)=1; 
 P(4,27)=1; 
 P(5,20)=1; 
 P(5,21)=1; 
 P(5,22)=1; 
 P(5,23)=1; 
 P(6,16)=1; 
 P(6,17)=1; 
 P(6,18)=1; 
 P(6,19)=1; 
 P(7,12)=1; 
 P(7,13)=1; 
 P(7,14)=1; 
 P(7,15)=1; 
 P(8,2)=1; 
 P(8,4)=1; 
 P(8,6)=1; 
 P(9,1)=1; 
 P(9,5)=1; 
 P(9,6)=1; 
 P(10,10)=1; 
 P(11,1)=1; 
 P(12,10)=1; 
 P(12,11)=1; 
 P(13,10)=1; 
 P(13,11)=1; 
 P(14,10)=1; 
 P(14,11)=1; 
 P(15,10)=1; 
 P(15,11)=1; 
 P(16,7)=1; 
 P(16,10)=1; 
 P(17,7)=1; 
 P(17,10)=1; 
 P(18,7)=1; 
 P(18,10)=1; 
 P(19,7)=1; 
 P(19,10)=1; 
 P(20,9)=1; 
 P(21,9)=1; 
 P(22,9)=1; 
 P(23,9)=1; 
 P(24,7)=1; 
 P(24,10)=1; 
 P(25,7)=1; 
 P(25,10)=1; 
 P(26,7)=1; 
 P(26,10)=1; 
 P(27,7)=1; 
 P(27,10)=1; 
 P(28,8)=1; 
 P(29,8)=1; 
 P(30,8)=1; 
 P(31,8)=1; 
 P(32,3)=1; 
 P(33,3)=1; 
 P(34,3)=1; 
 P(35,3)=1; 
 P(20,36)=1; 
 P(36,10)=1; 
 P(21,37)=1; 
 P(37,10)=1; 
 P(22,38)=1; 
 P(38,10)=1; 
 P(23,39)=1; 
 P(39,10)=1; 
 P(29,40)=1; 
 P(40,10)=1; 
 P(30,41)=1; 
 P(41,10)=1; 
 P(31,42)=1; 
 P(42,10)=1; 
 P(28,43)=1; 
 P(43,10)=1; 
 P(32,44)=1; 
 P(44,10)=1; 
 P(33,45)=1; 
 P(45,10)=1; 
 P(34,46)=1; 
 P(46,10)=1; 
 P(35,47)=1; 
 P(47,10)=1; 
 
 
 
 fragment = [ 1 1 1 1 1 1 2 1 1 11 12 2 2 2 2 3 4 5 6 1 1 1 1 7 8 9 10 1 1 1 1 1 1 1 1 1 1 1 1 1 1 1 1 1 1 1 1];