P = sparse(92,92); 
 P(1,2)=1; 
 P(1,4)=1; 
 P(2,3)=1; 
 P(3,1)=1; 
 P(4,5)=1; 
 P(4,8)=1; 
 P(5,6)=1; 
 P(5,27)=1; 
 P(6,7)=1; 
 P(7,5)=1; 
 P(8,9)=1; 
 P(8,11)=1; 
 P(9,10)=1; 
 P(9,92)=1; 
 P(10,27)=1; 
 P(10,92)=1; 
 P(11,12)=1; 
 P(11,27)=1; 
 P(12,13)=1; 
 P(12,15)=1; 
 P(13,14)=1; 
 P(13,92)=1; 
 P(14,17)=1; 
 P(14,92)=1; 
 P(15,16)=1; 
 P(15,92)=1; 
 P(16,17)=1; 
 P(16,92)=1; 
 P(17,18)=1; 
 P(17,26)=1; 
 P(18,19)=1; 
 P(18,23)=1; 
 P(19,20)=1; 
 P(19,25)=1; 
 P(20,21)=1; 
 P(20,92)=1; 
 P(21,22)=1; 
 P(21,92)=1; 
 P(22,19)=1; 
 P(23,24)=1; 
 P(23,92)=1; 
 P(24,25)=1; 
 P(24,92)=1; 
 P(25,17)=1; 
 P(26,11)=1; 
 P(27,28)=1; 
 P(27,48)=1; 
 P(28,29)=1; 
 P(28,64)=1; 
 P(29,30)=1; 
 P(29,36)=1; 
 P(30,31)=1; 
 P(30,92)=1; 
 P(31,32)=1; 
 P(31,92)=1; 
 P(32,33)=1; 
 P(32,38)=1; 
 P(33,34)=1; 
 P(33,92)=1; 
 P(34,35)=1; 
 P(34,92)=1; 
 P(35,32)=1; 
 P(36,37)=1; 
 P(36,92)=1; 
 P(37,38)=1; 
 P(37,92)=1; 
 P(38,39)=1; 
 P(38,43)=1; 
 P(39,40)=1; 
 P(39,47)=1; 
 P(40,41)=1; 
 P(40,92)=1; 
 P(41,42)=1; 
 P(41,92)=1; 
 P(42,39)=1; 
 P(43,44)=1; 
 P(43,47)=1; 
 P(44,45)=1; 
 P(44,92)=1; 
 P(45,46)=1; 
 P(45,92)=1; 
 P(46,43)=1; 
 P(47,28)=1; 
 P(48,49)=1; 
 P(48,57)=1; 
 P(49,50)=1; 
 P(49,62)=1; 
 P(50,51)=1; 
 P(50,92)=1; 
 P(51,52)=1; 
 P(51,92)=1; 
 P(52,53)=1; 
 P(52,56)=1; 
 P(53,54)=1; 
 P(53,92)=1; 
 P(54,55)=1; 
 P(54,92)=1; 
 P(55,52)=1; 
 P(56,49)=1; 
 P(57,58)=1; 
 P(57,60)=1; 
 P(58,59)=1; 
 P(58,92)=1; 
 P(59,62)=1; 
 P(59,92)=1; 
 P(60,61)=1; 
 P(60,92)=1; 
 P(61,62)=1; 
 P(61,92)=1; 
 P(62,63)=1; 
 P(62,92)=1; 
 P(63,64)=1; 
 P(63,92)=1; 
 P(64,65)=1; 
 P(64,92)=1; 
 P(65,66)=1; 
 P(65,92)=1; 
 P(66,67)=1; 
 P(66,92)=1; 
 P(67,68)=1; 
 P(67,92)=1; 
 P(68,69)=1; 
 P(68,92)=1; 
 P(69,70)=1; 
 P(69,92)=1; 
 P(70,71)=1; 
 P(70,76)=1; 
 P(71,72)=1; 
 P(71,92)=1; 
 P(72,73)=1; 
 P(72,92)=1; 
 P(73,74)=1; 
 P(73,92)=1; 
 P(74,75)=1; 
 P(74,92)=1; 
 P(75,70)=1; 
 P(76,77)=1; 
 P(76,83)=1; 
 P(77,78)=1; 
 P(77,81)=1; 
 P(78,79)=1; 
 P(78,92)=1; 
 P(79,80)=1; 
 P(79,92)=1; 
 P(80,77)=1; 
 P(81,82)=1; 
 P(81,92)=1; 
 P(82,91)=1; 
 P(82,92)=1; 
 P(83,84)=1; 
 P(83,89)=1; 
 P(84,85)=1; 
 P(84,87)=1; 
 P(85,86)=1; 
 P(85,92)=1; 
 P(86,91)=1; 
 P(86,92)=1; 
 P(87,88)=1; 
 P(87,92)=1; 
 P(88,91)=1; 
 P(88,92)=1; 
 P(89,90)=1; 
 P(89,92)=1; 
 P(90,91)=1; 
 P(90,92)=1; 
 P(91,91)=1; 
 P(92,92)=1; 
 
 
 
 fragment = [ 0 0 0 0 0 0 0 0 0 0 0 0 0 0 0 0 0 0 0 0 0 0 0 0 0 0 0 0 0 0 0 0 0 0 0 0 0 0 0 0 0 0 0 0 0 0 0 0 0 0 0 0 0 0 0 0 0 0 0 0 0 0 0 0 0 0 0 0 0 0 0 0 0 0 0 0 0 0 0 0 0 0 0 0 0 0 0 0 0 0 182 183];