P = sparse(59,59); 
 P(1,2)=1; 
 P(1,5)=1; 
 P(2,3)=1; 
 P(2,17)=1; 
 P(3,8)=1; 
 P(3,18)=1; 
 P(4,7)=1; 
 P(4,19)=1; 
 P(5,9)=1; 
 P(5,20)=1; 
 P(6,21)=1; 
 P(7,10)=1; 
 P(7,22)=1; 
 P(10,1)=1; 
 P(11,24)=1; 
 P(12,25)=1; 
 P(13,26)=1; 
 P(14,27)=1; 
 P(15,28)=1; 
 P(16,29)=1; 
 P(17,16)=1; 
 P(18,3)=1; 
 P(19,4)=1; 
 P(20,13)=1; 
 P(21,6)=1; 
 P(22,11)=1; 
 P(23,23)=1; 
 P(24,11)=1; 
 P(25,12)=1; 
 P(26,13)=1; 
 P(27,14)=1; 
 P(28,15)=1; 
 P(29,16)=1; 
 P(8,3)=1; 
 P(17,3)=1; 
 P(17,17)=1; 
 P(9,9)=1; 
 P(20,9)=1; 
 P(20,20)=1; 
 P(8,30)=1; 
 P(30,4)=1; 
 P(8,31)=1; 
 P(31,6)=1; 
 P(8,32)=1; 
 P(32,17)=1; 
 P(18,33)=1; 
 P(33,15)=1; 
 P(22,10)=1; 
 P(22,22)=1; 
 P(19,34)=1; 
 P(34,14)=1; 
 P(6,35)=1; 
 P(35,10)=1; 
 P(36,12)=1; 
 P(6,37)=1; 
 P(37,22)=1; 
 P(21,38)=1; 
 P(38,36)=1; 
 P(9,39)=1; 
 P(39,1)=1; 
 P(9,40)=1; 
 P(40,6)=1; 
 P(9,41)=1; 
 P(41,20)=1; 
 P(11,42)=1; 
 P(42,10)=1; 
 P(24,43)=1; 
 P(43,23)=1; 
 P(12,44)=1; 
 P(44,10)=1; 
 P(12,45)=1; 
 P(45,22)=1; 
 P(25,46)=1; 
 P(46,23)=1; 
 P(13,47)=1; 
 P(47,9)=1; 
 P(26,48)=1; 
 P(48,23)=1; 
 P(14,49)=1; 
 P(49,10)=1; 
 P(14,50)=1; 
 P(50,22)=1; 
 P(27,51)=1; 
 P(51,23)=1; 
 P(15,52)=1; 
 P(52,4)=1; 
 P(15,53)=1; 
 P(53,6)=1; 
 P(15,54)=1; 
 P(54,3)=1; 
 P(55,23)=1; 
 P(15,56)=1; 
 P(56,17)=1; 
 P(28,57)=1; 
 P(57,55)=1; 
 P(16,58)=1; 
 P(58,3)=1; 
 P(29,59)=1; 
 P(59,23)=1; 
 
 
 
 fragment = [ 1 1 2 3 1 5 3 2 7 17 8 9 10 11 13 14 18 2 3 19 5 20 21 8 9 10 11 13 14 2 2 2 2 3 5 15 5 5 7 7 7 8 8 9 9 9 10 10 11 11 11 13 13 13 16 13 13 14 14];