P = sparse(151,151); 
 P(1,2)=1; 
 P(1,23)=1; 
 P(2,3)=1; 
 P(2,4)=1; 
 P(3,79)=1; 
 P(4,5)=1; 
 P(4,79)=1; 
 P(5,6)=1; 
 P(6,7)=1; 
 P(6,17)=1; 
 P(7,8)=1; 
 P(7,15)=1; 
 P(8,9)=1; 
 P(8,11)=1; 
 P(9,10)=1; 
 P(10,19)=1; 
 P(10,104)=1; 
 P(11,12)=1; 
 P(12,13)=1; 
 P(12,104)=1; 
 P(13,14)=1; 
 P(14,19)=1; 
 P(14,104)=1; 
 P(15,16)=1; 
 P(15,104)=1; 
 P(17,18)=1; 
 P(18,19)=1; 
 P(18,104)=1; 
 P(19,20)=1; 
 P(19,22)=1; 
 P(20,21)=1; 
 P(21,19)=1; 
 P(22,4)=1; 
 P(23,24)=1; 
 P(23,46)=1; 
 P(24,25)=1; 
 P(24,79)=1; 
 P(25,26)=1; 
 P(25,34)=1; 
 P(26,27)=1; 
 P(26,45)=1; 
 P(27,28)=1; 
 P(27,33)=1; 
 P(28,29)=1; 
 P(28,32)=1; 
 P(29,30)=1; 
 P(30,31)=1; 
 P(31,28)=1; 
 P(32,27)=1; 
 P(33,26)=1; 
 P(34,35)=1; 
 P(34,39)=1; 
 P(35,36)=1; 
 P(35,45)=1; 
 P(36,37)=1; 
 P(37,38)=1; 
 P(38,35)=1; 
 P(39,40)=1; 
 P(40,41)=1; 
 P(41,42)=1; 
 P(42,43)=1; 
 P(43,44)=1; 
 P(44,45)=1; 
 P(45,24)=1; 
 P(46,47)=1; 
 P(46,62)=1; 
 P(47,48)=1; 
 P(47,56)=1; 
 P(48,49)=1; 
 P(48,53)=1; 
 P(49,50)=1; 
 P(49,55)=1; 
 P(50,51)=1; 
 P(51,52)=1; 
 P(52,49)=1; 
 P(53,54)=1; 
 P(54,55)=1; 
 P(55,47)=1; 
 P(56,57)=1; 
 P(56,60)=1; 
 P(57,58)=1; 
 P(58,59)=1; 
 P(59,56)=1; 
 P(60,61)=1; 
 P(62,63)=1; 
 P(62,104)=1; 
 P(63,64)=1; 
 P(64,65)=1; 
 P(65,66)=1; 
 P(65,71)=1; 
 P(66,67)=1; 
 P(66,69)=1; 
 P(67,68)=1; 
 P(68,78)=1; 
 P(69,70)=1; 
 P(70,78)=1; 
 P(71,72)=1; 
 P(72,73)=1; 
 P(73,74)=1; 
 P(73,76)=1; 
 P(74,75)=1; 
 P(75,78)=1; 
 P(76,77)=1; 
 P(77,78)=1; 
 P(78,79)=1; 
 P(79,80)=1; 
 P(79,81)=1; 
 P(80,82)=1; 
 P(81,82)=1; 
 P(82,83)=1; 
 P(82,88)=1; 
 P(83,84)=1; 
 P(84,85)=1; 
 P(84,87)=1; 
 P(85,86)=1; 
 P(86,84)=1; 
 P(87,83)=1; 
 P(88,89)=1; 
 P(89,90)=1; 
 P(90,91)=1; 
 P(91,92)=1; 
 P(91,104)=1; 
 P(92,93)=1; 
 P(93,94)=1; 
 P(94,95)=1; 
 P(94,102)=1; 
 P(95,96)=1; 
 P(96,97)=1; 
 P(97,98)=1; 
 P(98,99)=1; 
 P(99,100)=1; 
 P(100,101)=1; 
 P(101,94)=1; 
 P(102,93)=1; 
 P(103,103)=1; 
 P(104,104)=1; 
 P(68,105)=1; 
 P(105,104)=1; 
 P(69,106)=1; 
 P(106,104)=1; 
 P(70,107)=1; 
 P(107,104)=1; 
 P(75,108)=1; 
 P(108,104)=1; 
 P(76,109)=1; 
 P(109,104)=1; 
 P(77,110)=1; 
 P(110,104)=1; 
 P(67,111)=1; 
 P(111,104)=1; 
 P(74,112)=1; 
 P(112,104)=1; 
 P(72,113)=1; 
 P(113,104)=1; 
 P(71,114)=1; 
 P(114,104)=1; 
 P(61,115)=1; 
 P(115,104)=1; 
 P(63,116)=1; 
 P(116,104)=1; 
 P(60,117)=1; 
 P(117,104)=1; 
 P(58,118)=1; 
 P(118,104)=1; 
 P(57,119)=1; 
 P(119,104)=1; 
 P(9,120)=1; 
 P(120,104)=1; 
 P(11,121)=1; 
 P(121,104)=1; 
 P(13,122)=1; 
 P(122,104)=1; 
 P(16,123)=1; 
 P(123,104)=1; 
 P(16,124)=1; 
 P(124,19)=1; 
 P(17,125)=1; 
 P(125,104)=1; 
 P(44,126)=1; 
 P(126,104)=1; 
 P(30,127)=1; 
 P(127,104)=1; 
 P(37,128)=1; 
 P(128,104)=1; 
 P(43,129)=1; 
 P(129,104)=1; 
 P(42,130)=1; 
 P(130,104)=1; 
 P(41,131)=1; 
 P(131,104)=1; 
 P(39,132)=1; 
 P(132,104)=1; 
 P(40,133)=1; 
 P(133,104)=1; 
 P(29,134)=1; 
 P(134,104)=1; 
 P(36,135)=1; 
 P(135,104)=1; 
 P(51,136)=1; 
 P(136,104)=1; 
 P(54,137)=1; 
 P(137,104)=1; 
 P(50,138)=1; 
 P(138,104)=1; 
 P(53,139)=1; 
 P(139,104)=1; 
 P(61,140)=1; 
 P(140,64)=1; 
 P(89,141)=1; 
 P(141,104)=1; 
 P(83,142)=1; 
 P(142,89)=1; 
 P(90,143)=1; 
 P(143,104)=1; 
 P(92,144)=1; 
 P(144,104)=1; 
 P(93,145)=1; 
 P(145,103)=1; 
 P(100,146)=1; 
 P(146,104)=1; 
 P(99,147)=1; 
 P(147,104)=1; 
 P(98,148)=1; 
 P(148,104)=1; 
 P(96,149)=1; 
 P(149,104)=1; 
 P(97,150)=1; 
 P(150,104)=1; 
 P(95,151)=1; 
 P(151,104)=1; 
 
 
 
 fragment = [ 1 1 4 46 5 5 6 6 7 7 8 8 9 9 6 11 12 12 47 13 13 14 1 48 15 15 15 15 15 15 15 15 15 15 15 15 15 15 15 15 15 15 15 15 15 49 50 16 16 16 16 16 16 16 16 17 17 18 18 17 21 51 52 53 22 22 23 23 24 24 22 25 25 26 26 27 27 28 54 31 55 56 34 34 34 34 34 57 58 35 35 36 36 36 36 36 36 36 36 36 36 36 59 60 37 24 38 39 27 40 23 26 25 41 21 42 43 18 44 7 8 9 11 11 12 15 15 15 15 15 15 15 15 15 15 16 16 16 16 21 45 34 35 36 36 36 36 36 36 36 36];