P = sparse(104,104); 
 P(1,2)=1; 
 P(1,23)=1; 
 P(2,3)=1; 
 P(2,4)=1; 
 P(3,79)=1; 
 P(4,5)=1; 
 P(4,79)=1; 
 P(5,6)=1; 
 P(6,7)=1; 
 P(6,17)=1; 
 P(7,8)=1; 
 P(7,15)=1; 
 P(8,9)=1; 
 P(8,11)=1; 
 P(9,10)=1; 
 P(9,104)=1; 
 P(10,19)=1; 
 P(10,104)=1; 
 P(11,12)=1; 
 P(11,104)=1; 
 P(12,13)=1; 
 P(12,104)=1; 
 P(13,14)=1; 
 P(13,104)=1; 
 P(14,19)=1; 
 P(14,104)=1; 
 P(15,16)=1; 
 P(15,104)=1; 
 P(16,19)=1; 
 P(16,104)=1; 
 P(17,18)=1; 
 P(17,104)=1; 
 P(18,19)=1; 
 P(18,104)=1; 
 P(19,20)=1; 
 P(19,22)=1; 
 P(20,21)=1; 
 P(21,19)=1; 
 P(22,4)=1; 
 P(23,24)=1; 
 P(23,46)=1; 
 P(24,25)=1; 
 P(24,79)=1; 
 P(25,26)=1; 
 P(25,34)=1; 
 P(26,27)=1; 
 P(26,45)=1; 
 P(27,28)=1; 
 P(27,33)=1; 
 P(28,29)=1; 
 P(28,32)=1; 
 P(29,30)=1; 
 P(29,104)=1; 
 P(30,31)=1; 
 P(30,104)=1; 
 P(31,28)=1; 
 P(32,27)=1; 
 P(33,26)=1; 
 P(34,35)=1; 
 P(34,39)=1; 
 P(35,36)=1; 
 P(35,45)=1; 
 P(36,37)=1; 
 P(36,104)=1; 
 P(37,38)=1; 
 P(37,104)=1; 
 P(38,35)=1; 
 P(39,40)=1; 
 P(39,104)=1; 
 P(40,41)=1; 
 P(40,104)=1; 
 P(41,42)=1; 
 P(41,104)=1; 
 P(42,43)=1; 
 P(42,104)=1; 
 P(43,44)=1; 
 P(43,104)=1; 
 P(44,45)=1; 
 P(44,104)=1; 
 P(45,24)=1; 
 P(46,47)=1; 
 P(46,62)=1; 
 P(47,48)=1; 
 P(47,56)=1; 
 P(48,49)=1; 
 P(48,53)=1; 
 P(49,50)=1; 
 P(49,55)=1; 
 P(50,51)=1; 
 P(50,104)=1; 
 P(51,52)=1; 
 P(51,104)=1; 
 P(52,49)=1; 
 P(53,54)=1; 
 P(53,104)=1; 
 P(54,55)=1; 
 P(54,104)=1; 
 P(55,47)=1; 
 P(56,57)=1; 
 P(56,60)=1; 
 P(57,58)=1; 
 P(57,104)=1; 
 P(58,59)=1; 
 P(58,104)=1; 
 P(59,56)=1; 
 P(60,61)=1; 
 P(60,104)=1; 
 P(61,64)=1; 
 P(61,104)=1; 
 P(62,63)=1; 
 P(62,104)=1; 
 P(63,64)=1; 
 P(63,104)=1; 
 P(64,65)=1; 
 P(65,66)=1; 
 P(65,71)=1; 
 P(66,67)=1; 
 P(66,69)=1; 
 P(67,68)=1; 
 P(67,104)=1; 
 P(68,78)=1; 
 P(68,104)=1; 
 P(69,70)=1; 
 P(69,104)=1; 
 P(70,78)=1; 
 P(70,104)=1; 
 P(71,72)=1; 
 P(71,104)=1; 
 P(72,73)=1; 
 P(72,104)=1; 
 P(73,74)=1; 
 P(73,76)=1; 
 P(74,75)=1; 
 P(74,104)=1; 
 P(75,78)=1; 
 P(75,104)=1; 
 P(76,77)=1; 
 P(76,104)=1; 
 P(77,78)=1; 
 P(77,104)=1; 
 P(78,79)=1; 
 P(79,80)=1; 
 P(79,81)=1; 
 P(80,82)=1; 
 P(81,82)=1; 
 P(82,83)=1; 
 P(82,88)=1; 
 P(83,84)=1; 
 P(83,89)=1; 
 P(84,85)=1; 
 P(84,87)=1; 
 P(85,86)=1; 
 P(86,84)=1; 
 P(87,83)=1; 
 P(88,89)=1; 
 P(89,90)=1; 
 P(89,104)=1; 
 P(90,91)=1; 
 P(90,104)=1; 
 P(91,92)=1; 
 P(91,104)=1; 
 P(92,93)=1; 
 P(92,104)=1; 
 P(93,94)=1; 
 P(93,103)=1; 
 P(94,95)=1; 
 P(94,102)=1; 
 P(95,96)=1; 
 P(95,104)=1; 
 P(96,97)=1; 
 P(96,104)=1; 
 P(97,98)=1; 
 P(97,104)=1; 
 P(98,99)=1; 
 P(98,104)=1; 
 P(99,100)=1; 
 P(99,104)=1; 
 P(100,101)=1; 
 P(100,104)=1; 
 P(101,94)=1; 
 P(102,93)=1; 
 P(103,103)=1; 
 P(104,104)=1; 
 
 
 
 fragment = [ 0 0 0 0 0 0 0 0 0 0 0 0 0 0 0 0 0 0 0 0 0 0 0 0 0 0 0 0 0 0 0 0 0 0 0 0 0 0 0 0 0 0 0 0 0 0 0 0 0 0 0 0 0 0 0 0 0 0 0 0 0 0 0 0 0 0 0 0 0 0 0 0 0 0 0 0 0 0 0 0 0 0 0 0 0 0 0 0 0 0 0 0 0 0 0 0 0 0 0 0 0 0 206 207];