P = sparse(117,117); 
 P(1,2)=1; 
 P(1,5)=1; 
 P(2,3)=1; 
 P(2,29)=1; 
 P(3,8)=1; 
 P(3,30)=1; 
 P(4,7)=1; 
 P(4,31)=1; 
 P(5,9)=1; 
 P(5,32)=1; 
 P(6,33)=1; 
 P(7,10)=1; 
 P(7,34)=1; 
 P(10,1)=1; 
 P(11,36)=1; 
 P(12,37)=1; 
 P(13,38)=1; 
 P(14,39)=1; 
 P(15,40)=1; 
 P(16,41)=1; 
 P(17,42)=1; 
 P(18,43)=1; 
 P(19,44)=1; 
 P(20,45)=1; 
 P(21,46)=1; 
 P(22,47)=1; 
 P(23,48)=1; 
 P(24,49)=1; 
 P(25,50)=1; 
 P(26,51)=1; 
 P(27,52)=1; 
 P(28,53)=1; 
 P(29,26)=1; 
 P(30,3)=1; 
 P(31,4)=1; 
 P(32,17)=1; 
 P(33,6)=1; 
 P(34,11)=1; 
 P(35,35)=1; 
 P(36,11)=1; 
 P(37,12)=1; 
 P(38,13)=1; 
 P(39,14)=1; 
 P(40,15)=1; 
 P(41,16)=1; 
 P(42,17)=1; 
 P(43,18)=1; 
 P(44,19)=1; 
 P(45,20)=1; 
 P(46,21)=1; 
 P(47,22)=1; 
 P(48,23)=1; 
 P(49,24)=1; 
 P(50,25)=1; 
 P(51,26)=1; 
 P(52,27)=1; 
 P(53,28)=1; 
 P(8,3)=1; 
 P(29,3)=1; 
 P(29,29)=1; 
 P(9,9)=1; 
 P(32,9)=1; 
 P(32,32)=1; 
 P(8,54)=1; 
 P(54,4)=1; 
 P(8,55)=1; 
 P(55,6)=1; 
 P(8,56)=1; 
 P(56,29)=1; 
 P(30,57)=1; 
 P(57,23)=1; 
 P(34,10)=1; 
 P(34,34)=1; 
 P(31,58)=1; 
 P(58,20)=1; 
 P(6,59)=1; 
 P(59,10)=1; 
 P(60,14)=1; 
 P(6,61)=1; 
 P(61,34)=1; 
 P(33,62)=1; 
 P(62,60)=1; 
 P(9,63)=1; 
 P(63,1)=1; 
 P(9,64)=1; 
 P(64,6)=1; 
 P(9,65)=1; 
 P(65,32)=1; 
 P(11,66)=1; 
 P(66,10)=1; 
 P(36,67)=1; 
 P(67,12)=1; 
 P(12,68)=1; 
 P(68,10)=1; 
 P(37,69)=1; 
 P(69,13)=1; 
 P(13,70)=1; 
 P(70,10)=1; 
 P(38,71)=1; 
 P(71,35)=1; 
 P(14,72)=1; 
 P(72,10)=1; 
 P(14,73)=1; 
 P(73,34)=1; 
 P(39,74)=1; 
 P(74,15)=1; 
 P(15,75)=1; 
 P(75,10)=1; 
 P(15,76)=1; 
 P(76,34)=1; 
 P(40,77)=1; 
 P(77,16)=1; 
 P(16,78)=1; 
 P(78,10)=1; 
 P(16,79)=1; 
 P(79,34)=1; 
 P(41,80)=1; 
 P(80,35)=1; 
 P(17,81)=1; 
 P(81,9)=1; 
 P(42,82)=1; 
 P(82,18)=1; 
 P(18,83)=1; 
 P(83,9)=1; 
 P(43,84)=1; 
 P(84,19)=1; 
 P(19,85)=1; 
 P(85,9)=1; 
 P(44,86)=1; 
 P(86,35)=1; 
 P(20,87)=1; 
 P(87,10)=1; 
 P(20,88)=1; 
 P(88,34)=1; 
 P(45,89)=1; 
 P(89,21)=1; 
 P(21,90)=1; 
 P(90,10)=1; 
 P(21,91)=1; 
 P(91,34)=1; 
 P(46,92)=1; 
 P(92,22)=1; 
 P(22,93)=1; 
 P(93,10)=1; 
 P(22,94)=1; 
 P(94,34)=1; 
 P(47,95)=1; 
 P(95,35)=1; 
 P(23,96)=1; 
 P(96,4)=1; 
 P(23,97)=1; 
 P(97,6)=1; 
 P(23,98)=1; 
 P(98,3)=1; 
 P(99,24)=1; 
 P(23,100)=1; 
 P(100,29)=1; 
 P(48,101)=1; 
 P(101,99)=1; 
 P(24,102)=1; 
 P(102,4)=1; 
 P(24,103)=1; 
 P(103,6)=1; 
 P(24,104)=1; 
 P(104,3)=1; 
 P(24,105)=1; 
 P(105,29)=1; 
 P(49,106)=1; 
 P(106,25)=1; 
 P(25,107)=1; 
 P(107,4)=1; 
 P(25,108)=1; 
 P(108,6)=1; 
 P(25,109)=1; 
 P(109,3)=1; 
 P(25,110)=1; 
 P(110,29)=1; 
 P(50,111)=1; 
 P(111,35)=1; 
 P(26,112)=1; 
 P(112,3)=1; 
 P(51,113)=1; 
 P(113,27)=1; 
 P(27,114)=1; 
 P(114,3)=1; 
 P(52,115)=1; 
 P(115,28)=1; 
 P(28,116)=1; 
 P(116,3)=1; 
 P(53,117)=1; 
 P(117,35)=1; 
 
 
 
 fragment = [ 1 1 2 3 1 5 3 2 7 29 8 9 10 11 12 13 14 15 16 17 18 19 21 22 23 24 25 26 30 2 3 31 5 32 33 8 9 10 11 12 13 14 15 16 17 18 19 21 22 23 24 25 26 2 2 2 2 3 5 27 5 5 7 7 7 8 8 9 9 10 10 11 11 11 12 12 12 13 13 13 14 14 15 15 16 16 17 17 17 18 18 18 19 19 19 21 21 21 28 21 21 22 22 22 22 22 23 23 23 23 23 24 24 25 25 26 26];