P = sparse(113,113); 
 P(1,2)=1; 
 P(1,5)=1; 
 P(2,17)=1; 
 P(2,18)=1; 
 P(2,19)=1; 
 P(2,20)=1; 
 P(2,21)=1; 
 P(2,22)=1; 
 P(2,23)=1; 
 P(2,24)=1; 
 P(2,25)=1; 
 P(2,26)=1; 
 P(2,27)=1; 
 P(2,28)=1; 
 P(2,29)=1; 
 P(2,30)=1; 
 P(2,31)=1; 
 P(2,32)=1; 
 P(3,33)=1; 
 P(3,34)=1; 
 P(3,35)=1; 
 P(3,36)=1; 
 P(3,37)=1; 
 P(3,38)=1; 
 P(3,39)=1; 
 P(3,40)=1; 
 P(3,41)=1; 
 P(3,42)=1; 
 P(3,43)=1; 
 P(3,44)=1; 
 P(3,45)=1; 
 P(3,46)=1; 
 P(3,47)=1; 
 P(4,49)=1; 
 P(4,50)=1; 
 P(4,51)=1; 
 P(4,52)=1; 
 P(4,53)=1; 
 P(4,54)=1; 
 P(4,55)=1; 
 P(4,56)=1; 
 P(4,57)=1; 
 P(4,58)=1; 
 P(4,59)=1; 
 P(4,60)=1; 
 P(4,61)=1; 
 P(4,62)=1; 
 P(4,63)=1; 
 P(4,64)=1; 
 P(5,65)=1; 
 P(5,66)=1; 
 P(5,67)=1; 
 P(5,68)=1; 
 P(5,69)=1; 
 P(5,70)=1; 
 P(5,71)=1; 
 P(5,72)=1; 
 P(5,73)=1; 
 P(5,74)=1; 
 P(5,75)=1; 
 P(5,76)=1; 
 P(5,77)=1; 
 P(5,78)=1; 
 P(5,79)=1; 
 P(5,80)=1; 
 P(6,81)=1; 
 P(6,82)=1; 
 P(6,83)=1; 
 P(6,84)=1; 
 P(6,85)=1; 
 P(6,86)=1; 
 P(6,87)=1; 
 P(6,88)=1; 
 P(6,89)=1; 
 P(6,90)=1; 
 P(6,91)=1; 
 P(6,92)=1; 
 P(6,93)=1; 
 P(6,94)=1; 
 P(6,95)=1; 
 P(6,96)=1; 
 P(7,97)=1; 
 P(7,98)=1; 
 P(7,99)=1; 
 P(7,100)=1; 
 P(7,101)=1; 
 P(7,102)=1; 
 P(7,103)=1; 
 P(7,104)=1; 
 P(7,105)=1; 
 P(7,106)=1; 
 P(7,107)=1; 
 P(7,108)=1; 
 P(7,109)=1; 
 P(7,110)=1; 
 P(7,111)=1; 
 P(7,112)=1; 
 P(8,2)=1; 
 P(8,4)=1; 
 P(8,6)=1; 
 P(9,1)=1; 
 P(9,5)=1; 
 P(9,6)=1; 
 P(10,10)=1; 
 P(11,11)=1; 
 P(12,12)=1; 
 P(13,13)=1; 
 P(14,14)=1; 
 P(15,15)=1; 
 P(16,1)=1; 
 P(17,3)=1; 
 P(18,3)=1; 
 P(19,3)=1; 
 P(20,3)=1; 
 P(21,3)=1; 
 P(22,3)=1; 
 P(23,3)=1; 
 P(24,3)=1; 
 P(25,3)=1; 
 P(26,3)=1; 
 P(27,3)=1; 
 P(28,3)=1; 
 P(29,3)=1; 
 P(30,3)=1; 
 P(31,3)=1; 
 P(32,15)=1; 
 P(33,8)=1; 
 P(34,8)=1; 
 P(35,8)=1; 
 P(36,8)=1; 
 P(37,8)=1; 
 P(38,8)=1; 
 P(39,8)=1; 
 P(40,8)=1; 
 P(41,8)=1; 
 P(42,8)=1; 
 P(43,8)=1; 
 P(44,8)=1; 
 P(45,8)=1; 
 P(46,8)=1; 
 P(47,8)=1; 
 P(48,14)=1; 
 P(49,7)=1; 
 P(50,7)=1; 
 P(51,7)=1; 
 P(52,7)=1; 
 P(53,7)=1; 
 P(54,7)=1; 
 P(55,7)=1; 
 P(56,7)=1; 
 P(57,7)=1; 
 P(58,7)=1; 
 P(59,7)=1; 
 P(60,7)=1; 
 P(61,7)=1; 
 P(62,7)=1; 
 P(63,7)=1; 
 P(64,13)=1; 
 P(65,9)=1; 
 P(66,9)=1; 
 P(67,9)=1; 
 P(68,9)=1; 
 P(69,9)=1; 
 P(70,9)=1; 
 P(71,9)=1; 
 P(72,9)=1; 
 P(73,9)=1; 
 P(74,9)=1; 
 P(75,9)=1; 
 P(76,9)=1; 
 P(77,9)=1; 
 P(78,9)=1; 
 P(79,9)=1; 
 P(80,12)=1; 
 P(81,7)=1; 
 P(82,7)=1; 
 P(83,7)=1; 
 P(84,7)=1; 
 P(85,7)=1; 
 P(86,7)=1; 
 P(87,7)=1; 
 P(88,7)=1; 
 P(89,7)=1; 
 P(90,7)=1; 
 P(91,7)=1; 
 P(92,7)=1; 
 P(93,7)=1; 
 P(94,7)=1; 
 P(95,7)=1; 
 P(96,11)=1; 
 P(97,16)=1; 
 P(98,16)=1; 
 P(99,16)=1; 
 P(100,16)=1; 
 P(101,16)=1; 
 P(102,16)=1; 
 P(103,16)=1; 
 P(104,16)=1; 
 P(105,16)=1; 
 P(106,16)=1; 
 P(107,16)=1; 
 P(108,16)=1; 
 P(109,16)=1; 
 P(110,16)=1; 
 P(111,16)=1; 
 P(112,10)=1; 
 P(3,113)=1; 
 P(113,48)=1; 
 
 
 
 fragment = [ 1 1 1 1 1 1 2 1 1 36 37 38 39 40 41 42 1 1 1 1 1 1 1 1 1 1 1 1 1 1 1 1 1 1 1 1 1 1 1 1 1 1 1 1 1 1 1 3 4 5 6 7 8 9 10 11 12 13 14 15 16 17 18 19 1 1 1 1 1 1 1 1 1 1 1 1 1 1 1 1 20 21 22 23 24 25 26 27 28 29 30 31 32 33 34 35 2 2 2 2 2 2 2 2 2 2 2 2 2 2 2 2 1];