P = sparse(193,193); 
 P(1,2)=1; 
 P(1,4)=1; 
 P(2,3)=1; 
 P(3,1)=1; 
 P(4,5)=1; 
 P(4,8)=1; 
 P(5,6)=1; 
 P(6,7)=1; 
 P(7,5)=1; 
 P(8,9)=1; 
 P(8,11)=1; 
 P(9,10)=1; 
 P(11,12)=1; 
 P(11,27)=1; 
 P(12,13)=1; 
 P(12,15)=1; 
 P(13,14)=1; 
 P(15,16)=1; 
 P(16,17)=1; 
 P(17,18)=1; 
 P(17,26)=1; 
 P(18,19)=1; 
 P(18,23)=1; 
 P(19,20)=1; 
 P(19,25)=1; 
 P(20,21)=1; 
 P(21,22)=1; 
 P(22,19)=1; 
 P(23,24)=1; 
 P(24,25)=1; 
 P(25,17)=1; 
 P(26,11)=1; 
 P(27,28)=1; 
 P(27,48)=1; 
 P(28,29)=1; 
 P(29,30)=1; 
 P(29,36)=1; 
 P(30,31)=1; 
 P(31,32)=1; 
 P(32,33)=1; 
 P(32,38)=1; 
 P(33,34)=1; 
 P(34,35)=1; 
 P(35,32)=1; 
 P(36,37)=1; 
 P(37,38)=1; 
 P(38,39)=1; 
 P(38,43)=1; 
 P(39,40)=1; 
 P(39,47)=1; 
 P(40,41)=1; 
 P(41,42)=1; 
 P(42,39)=1; 
 P(43,44)=1; 
 P(43,47)=1; 
 P(44,45)=1; 
 P(45,46)=1; 
 P(46,43)=1; 
 P(48,49)=1; 
 P(48,57)=1; 
 P(49,50)=1; 
 P(49,62)=1; 
 P(50,51)=1; 
 P(51,52)=1; 
 P(52,53)=1; 
 P(52,56)=1; 
 P(53,54)=1; 
 P(54,55)=1; 
 P(55,52)=1; 
 P(56,49)=1; 
 P(57,58)=1; 
 P(57,60)=1; 
 P(58,59)=1; 
 P(58,92)=1; 
 P(59,62)=1; 
 P(60,61)=1; 
 P(62,63)=1; 
 P(63,64)=1; 
 P(64,65)=1; 
 P(65,66)=1; 
 P(66,67)=1; 
 P(66,92)=1; 
 P(67,68)=1; 
 P(68,69)=1; 
 P(68,92)=1; 
 P(69,70)=1; 
 P(70,71)=1; 
 P(70,76)=1; 
 P(71,72)=1; 
 P(72,73)=1; 
 P(73,74)=1; 
 P(74,75)=1; 
 P(75,70)=1; 
 P(76,77)=1; 
 P(76,83)=1; 
 P(77,78)=1; 
 P(77,81)=1; 
 P(78,79)=1; 
 P(78,92)=1; 
 P(79,80)=1; 
 P(80,77)=1; 
 P(81,82)=1; 
 P(81,92)=1; 
 P(82,91)=1; 
 P(82,92)=1; 
 P(83,84)=1; 
 P(83,89)=1; 
 P(84,85)=1; 
 P(84,87)=1; 
 P(85,86)=1; 
 P(86,91)=1; 
 P(86,92)=1; 
 P(87,88)=1; 
 P(88,91)=1; 
 P(88,92)=1; 
 P(89,90)=1; 
 P(89,92)=1; 
 P(90,91)=1; 
 P(90,92)=1; 
 P(91,91)=1; 
 P(92,92)=1; 
 P(10,93)=1; 
 P(93,92)=1; 
 P(47,29)=1; 
 P(9,94)=1; 
 P(94,92)=1; 
 P(13,95)=1; 
 P(95,92)=1; 
 P(14,96)=1; 
 P(96,92)=1; 
 P(15,97)=1; 
 P(97,92)=1; 
 P(16,98)=1; 
 P(98,92)=1; 
 P(99,92)=1; 
 P(24,100)=1; 
 P(100,92)=1; 
 P(101,92)=1; 
 P(102,92)=1; 
 P(5,103)=1; 
 P(103,27)=1; 
 P(10,104)=1; 
 P(104,27)=1; 
 P(105,99)=1; 
 P(21,106)=1; 
 P(106,101)=1; 
 P(107,102)=1; 
 P(14,108)=1; 
 P(108,17)=1; 
 P(20,109)=1; 
 P(109,107)=1; 
 P(23,110)=1; 
 P(110,105)=1; 
 P(64,111)=1; 
 P(111,92)=1; 
 P(63,112)=1; 
 P(112,92)=1; 
 P(62,113)=1; 
 P(113,92)=1; 
 P(114,92)=1; 
 P(115,92)=1; 
 P(116,92)=1; 
 P(59,117)=1; 
 P(117,92)=1; 
 P(60,118)=1; 
 P(118,92)=1; 
 P(61,119)=1; 
 P(119,92)=1; 
 P(120,92)=1; 
 P(121,92)=1; 
 P(51,122)=1; 
 P(122,92)=1; 
 P(54,123)=1; 
 P(123,92)=1; 
 P(124,92)=1; 
 P(125,92)=1; 
 P(126,92)=1; 
 P(127,92)=1; 
 P(128,92)=1; 
 P(50,129)=1; 
 P(129,92)=1; 
 P(53,130)=1; 
 P(130,92)=1; 
 P(131,114)=1; 
 P(132,115)=1; 
 P(133,116)=1; 
 P(134,120)=1; 
 P(135,121)=1; 
 P(136,124)=1; 
 P(137,125)=1; 
 P(138,126)=1; 
 P(139,127)=1; 
 P(140,128)=1; 
 P(141,131)=1; 
 P(142,132)=1; 
 P(143,133)=1; 
 P(144,134)=1; 
 P(145,135)=1; 
 P(146,136)=1; 
 P(147,137)=1; 
 P(148,138)=1; 
 P(149,139)=1; 
 P(150,140)=1; 
 P(151,141)=1; 
 P(152,142)=1; 
 P(153,143)=1; 
 P(154,144)=1; 
 P(155,145)=1; 
 P(156,146)=1; 
 P(157,147)=1; 
 P(158,148)=1; 
 P(159,149)=1; 
 P(160,150)=1; 
 P(47,161)=1; 
 P(161,64)=1; 
 P(162,151)=1; 
 P(163,152)=1; 
 P(164,153)=1; 
 P(165,154)=1; 
 P(166,155)=1; 
 P(167,156)=1; 
 P(168,157)=1; 
 P(169,158)=1; 
 P(170,159)=1; 
 P(171,160)=1; 
 P(28,172)=1; 
 P(172,64)=1; 
 P(37,173)=1; 
 P(173,162)=1; 
 P(41,174)=1; 
 P(174,163)=1; 
 P(45,175)=1; 
 P(175,164)=1; 
 P(31,176)=1; 
 P(176,165)=1; 
 P(34,177)=1; 
 P(177,166)=1; 
 P(30,178)=1; 
 P(178,167)=1; 
 P(33,179)=1; 
 P(179,168)=1; 
 P(36,180)=1; 
 P(180,169)=1; 
 P(40,181)=1; 
 P(181,170)=1; 
 P(44,182)=1; 
 P(182,171)=1; 
 P(61,183)=1; 
 P(183,62)=1; 
 P(65,184)=1; 
 P(184,92)=1; 
 P(67,185)=1; 
 P(185,92)=1; 
 P(69,186)=1; 
 P(186,92)=1; 
 P(74,187)=1; 
 P(187,92)=1; 
 P(73,188)=1; 
 P(188,92)=1; 
 P(72,189)=1; 
 P(189,92)=1; 
 P(71,190)=1; 
 P(190,92)=1; 
 P(79,191)=1; 
 P(191,92)=1; 
 P(85,192)=1; 
 P(192,92)=1; 
 P(87,193)=1; 
 P(193,92)=1; 
 
 
 
 fragment = [ 1 1 2 1 6 6 7 101 102 8 103 9 9 12 9 104 105 13 13 13 13 13 13 13 13 14 106 20 20 20 20 20 20 20 20 20 20 20 20 20 20 20 20 20 20 20 20 107 108 21 21 22 22 23 23 22 109 110 111 112 24 113 114 115 25 25 26 26 27 27 27 27 27 27 27 27 28 28 29 29 28 30 31 31 32 32 33 33 31 34 116 117 8 35 36 12 37 38 39 13 40 41 6 8 42 13 43 12 13 13 44 45 46 47 48 49 50 51 24 52 53 54 23 55 56 57 58 59 21 60 61 62 63 64 65 66 67 68 69 70 71 72 73 74 75 76 77 78 79 80 81 82 83 84 85 86 87 88 89 90 20 91 92 118 119 120 121 122 123 124 125 20 20 20 20 20 20 20 20 20 20 20 24 25 26 27 27 27 27 27 29 32 33];