P = sparse(80,80); 
 P(1,2)=1; 
 P(1,5)=1; 
 P(2,3)=1; 
 P(2,29)=1; 
 P(3,8)=1; 
 P(3,30)=1; 
 P(4,7)=1; 
 P(4,31)=1; 
 P(5,9)=1; 
 P(5,32)=1; 
 P(6,7)=1; 
 P(6,33)=1; 
 P(7,34)=1; 
 P(8,2)=1; 
 P(8,4)=1; 
 P(8,6)=1; 
 P(9,1)=1; 
 P(9,5)=1; 
 P(9,6)=1; 
 P(10,1)=1; 
 P(11,36)=1; 
 P(12,37)=1; 
 P(13,38)=1; 
 P(14,39)=1; 
 P(15,40)=1; 
 P(16,41)=1; 
 P(17,9)=1; 
 P(17,42)=1; 
 P(18,9)=1; 
 P(18,43)=1; 
 P(19,9)=1; 
 P(19,44)=1; 
 P(20,45)=1; 
 P(21,46)=1; 
 P(22,47)=1; 
 P(23,8)=1; 
 P(23,48)=1; 
 P(24,8)=1; 
 P(24,49)=1; 
 P(25,8)=1; 
 P(25,50)=1; 
 P(26,3)=1; 
 P(26,51)=1; 
 P(27,3)=1; 
 P(27,52)=1; 
 P(28,3)=1; 
 P(28,53)=1; 
 P(29,2)=1; 
 P(29,26)=1; 
 P(30,3)=1; 
 P(30,23)=1; 
 P(32,5)=1; 
 P(32,17)=1; 
 P(34,7)=1; 
 P(35,35)=1; 
 P(36,11)=1; 
 P(37,12)=1; 
 P(38,13)=1; 
 P(39,14)=1; 
 P(40,15)=1; 
 P(41,16)=1; 
 P(42,17)=1; 
 P(42,18)=1; 
 P(43,18)=1; 
 P(43,19)=1; 
 P(44,19)=1; 
 P(45,20)=1; 
 P(46,21)=1; 
 P(47,22)=1; 
 P(48,23)=1; 
 P(48,24)=1; 
 P(49,24)=1; 
 P(49,25)=1; 
 P(50,25)=1; 
 P(51,26)=1; 
 P(51,27)=1; 
 P(52,27)=1; 
 P(52,28)=1; 
 P(53,28)=1; 
 P(31,31)=1; 
 P(33,33)=1; 
 P(50,54)=1; 
 P(54,35)=1; 
 P(53,55)=1; 
 P(55,35)=1; 
 P(44,56)=1; 
 P(56,35)=1; 
 P(7,57)=1; 
 P(57,10)=1; 
 P(34,58)=1; 
 P(58,11)=1; 
 P(11,59)=1; 
 P(59,10)=1; 
 P(36,60)=1; 
 P(60,12)=1; 
 P(12,61)=1; 
 P(61,10)=1; 
 P(37,62)=1; 
 P(62,13)=1; 
 P(13,63)=1; 
 P(63,10)=1; 
 P(38,64)=1; 
 P(64,35)=1; 
 P(14,65)=1; 
 P(65,7)=1; 
 P(39,66)=1; 
 P(66,15)=1; 
 P(15,67)=1; 
 P(67,7)=1; 
 P(40,68)=1; 
 P(68,16)=1; 
 P(16,69)=1; 
 P(69,7)=1; 
 P(41,70)=1; 
 P(70,35)=1; 
 P(20,71)=1; 
 P(71,7)=1; 
 P(45,72)=1; 
 P(72,21)=1; 
 P(21,73)=1; 
 P(73,7)=1; 
 P(46,74)=1; 
 P(74,22)=1; 
 P(22,75)=1; 
 P(75,7)=1; 
 P(47,76)=1; 
 P(76,35)=1; 
 P(31,77)=1; 
 P(77,20)=1; 
 P(31,78)=1; 
 P(78,7)=1; 
 P(33,79)=1; 
 P(79,14)=1; 
 P(33,80)=1; 
 P(80,7)=1; 
 
 
 
 fragment = [ 1 1 1 1 1 1 2 1 1 14 3 4 5 6 7 8 1 1 1 9 10 11 1 1 1 1 1 1 1 1 12 1 13 2 15 3 4 5 6 7 8 1 1 1 9 10 11 1 1 1 1 1 1 1 1 1 2 2 3 3 4 4 5 5 6 6 7 7 8 8 9 9 10 10 11 11 12 12 13 13];