P = sparse(53,53); 
 P(1,2)=1; 
 P(1,5)=1; 
 P(2,3)=1; 
 P(2,29)=1; 
 P(3,8)=1; 
 P(3,30)=1; 
 P(4,7)=1; 
 P(4,31)=1; 
 P(5,9)=1; 
 P(5,32)=1; 
 P(6,7)=1; 
 P(6,33)=1; 
 P(7,10)=1; 
 P(7,34)=1; 
 P(8,2)=1; 
 P(8,4)=1; 
 P(8,6)=1; 
 P(9,1)=1; 
 P(9,5)=1; 
 P(9,6)=1; 
 P(10,1)=1; 
 P(11,10)=1; 
 P(11,36)=1; 
 P(12,10)=1; 
 P(12,37)=1; 
 P(13,10)=1; 
 P(13,38)=1; 
 P(14,7)=1; 
 P(14,39)=1; 
 P(15,7)=1; 
 P(15,40)=1; 
 P(16,7)=1; 
 P(16,41)=1; 
 P(17,9)=1; 
 P(17,42)=1; 
 P(18,9)=1; 
 P(18,43)=1; 
 P(19,9)=1; 
 P(19,44)=1; 
 P(20,7)=1; 
 P(20,45)=1; 
 P(21,7)=1; 
 P(21,46)=1; 
 P(22,7)=1; 
 P(22,47)=1; 
 P(23,8)=1; 
 P(23,48)=1; 
 P(24,8)=1; 
 P(24,49)=1; 
 P(25,8)=1; 
 P(25,50)=1; 
 P(26,3)=1; 
 P(26,51)=1; 
 P(27,3)=1; 
 P(27,52)=1; 
 P(28,3)=1; 
 P(28,53)=1; 
 P(29,2)=1; 
 P(29,26)=1; 
 P(30,3)=1; 
 P(30,23)=1; 
 P(31,4)=1; 
 P(31,20)=1; 
 P(32,5)=1; 
 P(32,17)=1; 
 P(33,6)=1; 
 P(33,14)=1; 
 P(34,7)=1; 
 P(34,11)=1; 
 P(35,35)=1; 
 P(36,11)=1; 
 P(36,12)=1; 
 P(37,12)=1; 
 P(37,13)=1; 
 P(38,13)=1; 
 P(38,35)=1; 
 P(39,14)=1; 
 P(39,15)=1; 
 P(40,15)=1; 
 P(40,16)=1; 
 P(41,16)=1; 
 P(41,35)=1; 
 P(42,17)=1; 
 P(42,18)=1; 
 P(43,18)=1; 
 P(43,19)=1; 
 P(44,19)=1; 
 P(44,35)=1; 
 P(45,20)=1; 
 P(45,21)=1; 
 P(46,21)=1; 
 P(46,22)=1; 
 P(47,22)=1; 
 P(47,35)=1; 
 P(48,23)=1; 
 P(48,24)=1; 
 P(49,24)=1; 
 P(49,25)=1; 
 P(50,25)=1; 
 P(50,35)=1; 
 P(51,26)=1; 
 P(51,27)=1; 
 P(52,27)=1; 
 P(52,28)=1; 
 P(53,28)=1; 
 P(53,35)=1; 
 
 
 
 fragment = [ 0 0 0 0 0 0 0 0 0 62 0 0 0 0 0 0 0 0 0 0 0 0 0 0 0 0 0 0 0 0 0 0 0 0 87 0 0 0 0 0 0 0 0 0 0 0 0 0 0 0 0 0 0];