P = sparse(37,37); 
 P(1,2)=1; 
 P(1,5)=1; 
 P(2,21)=1; 
 P(2,22)=1; 
 P(3,19)=1; 
 P(3,20)=1; 
 P(4,17)=1; 
 P(4,18)=1; 
 P(5,15)=1; 
 P(5,16)=1; 
 P(6,13)=1; 
 P(6,14)=1; 
 P(7,11)=1; 
 P(7,12)=1; 
 P(8,2)=1; 
 P(8,4)=1; 
 P(8,6)=1; 
 P(9,1)=1; 
 P(9,5)=1; 
 P(9,6)=1; 
 P(10,1)=1; 
 P(11,28)=1; 
 P(12,28)=1; 
 P(13,7)=1; 
 P(13,27)=1; 
 P(14,7)=1; 
 P(14,27)=1; 
 P(15,9)=1; 
 P(15,26)=1; 
 P(16,9)=1; 
 P(16,26)=1; 
 P(17,7)=1; 
 P(17,25)=1; 
 P(18,7)=1; 
 P(18,25)=1; 
 P(19,8)=1; 
 P(19,24)=1; 
 P(20,8)=1; 
 P(20,24)=1; 
 P(21,3)=1; 
 P(21,23)=1; 
 P(22,3)=1; 
 P(22,23)=1; 
 P(23,2)=1; 
 P(24,3)=1; 
 P(25,4)=1; 
 P(26,5)=1; 
 P(27,6)=1; 
 P(28,7)=1; 
 P(29,29)=1; 
 P(23,30)=1; 
 P(30,29)=1; 
 P(26,31)=1; 
 P(31,29)=1; 
 P(24,32)=1; 
 P(32,29)=1; 
 P(25,33)=1; 
 P(33,29)=1; 
 P(27,34)=1; 
 P(34,29)=1; 
 P(28,35)=1; 
 P(35,29)=1; 
 P(11,36)=1; 
 P(36,10)=1; 
 P(12,37)=1; 
 P(37,10)=1; 
 
 
 
 fragment = [ 1 1 1 1 1 1 1 1 1 2 1 1 1 1 1 1 1 1 1 1 1 1 1 1 1 1 1 1 3 1 1 1 1 1 1 1 1];