P = sparse(62,62); 
 P(1,2)=1; 
 P(1,5)=1; 
 P(2,3)=1; 
 P(2,23)=1; 
 P(3,8)=1; 
 P(3,24)=1; 
 P(4,7)=1; 
 P(4,25)=1; 
 P(5,9)=1; 
 P(5,26)=1; 
 P(6,7)=1; 
 P(6,27)=1; 
 P(7,28)=1; 
 P(8,2)=1; 
 P(8,4)=1; 
 P(8,6)=1; 
 P(9,1)=1; 
 P(9,5)=1; 
 P(9,6)=1; 
 P(10,1)=1; 
 P(11,30)=1; 
 P(12,31)=1; 
 P(13,32)=1; 
 P(14,33)=1; 
 P(15,9)=1; 
 P(15,34)=1; 
 P(16,9)=1; 
 P(16,35)=1; 
 P(17,36)=1; 
 P(18,37)=1; 
 P(19,8)=1; 
 P(19,38)=1; 
 P(20,8)=1; 
 P(20,39)=1; 
 P(21,3)=1; 
 P(21,40)=1; 
 P(22,3)=1; 
 P(22,41)=1; 
 P(23,2)=1; 
 P(23,21)=1; 
 P(24,3)=1; 
 P(24,19)=1; 
 P(26,5)=1; 
 P(26,15)=1; 
 P(28,7)=1; 
 P(29,29)=1; 
 P(30,11)=1; 
 P(31,12)=1; 
 P(32,13)=1; 
 P(33,14)=1; 
 P(34,15)=1; 
 P(34,16)=1; 
 P(35,16)=1; 
 P(36,17)=1; 
 P(37,18)=1; 
 P(38,19)=1; 
 P(38,20)=1; 
 P(39,20)=1; 
 P(40,21)=1; 
 P(40,22)=1; 
 P(41,22)=1; 
 P(25,25)=1; 
 P(27,27)=1; 
 P(39,42)=1; 
 P(42,29)=1; 
 P(41,43)=1; 
 P(43,29)=1; 
 P(35,44)=1; 
 P(44,29)=1; 
 P(7,45)=1; 
 P(45,10)=1; 
 P(28,46)=1; 
 P(46,11)=1; 
 P(11,47)=1; 
 P(47,10)=1; 
 P(30,48)=1; 
 P(48,12)=1; 
 P(12,49)=1; 
 P(49,10)=1; 
 P(31,50)=1; 
 P(50,29)=1; 
 P(13,51)=1; 
 P(51,7)=1; 
 P(32,52)=1; 
 P(52,14)=1; 
 P(14,53)=1; 
 P(53,7)=1; 
 P(33,54)=1; 
 P(54,29)=1; 
 P(17,55)=1; 
 P(55,7)=1; 
 P(36,56)=1; 
 P(56,18)=1; 
 P(18,57)=1; 
 P(57,7)=1; 
 P(37,58)=1; 
 P(58,29)=1; 
 P(25,59)=1; 
 P(59,17)=1; 
 P(25,60)=1; 
 P(60,7)=1; 
 P(27,61)=1; 
 P(61,13)=1; 
 P(27,62)=1; 
 P(62,7)=1; 
 
 
 
 fragment = [ 1 1 1 1 1 1 2 1 1 11 3 4 5 6 1 1 7 8 1 1 1 1 1 1 9 1 10 2 12 3 4 5 6 1 1 7 8 1 1 1 1 1 1 1 2 2 3 3 4 4 5 5 6 6 7 7 8 8 9 9 10 10];