P = sparse(41,41); 
 P(1,2)=1; 
 P(1,5)=1; 
 P(2,3)=1; 
 P(2,23)=1; 
 P(3,8)=1; 
 P(3,24)=1; 
 P(4,7)=1; 
 P(4,25)=1; 
 P(5,9)=1; 
 P(5,26)=1; 
 P(6,7)=1; 
 P(6,27)=1; 
 P(7,10)=1; 
 P(7,28)=1; 
 P(8,2)=1; 
 P(8,4)=1; 
 P(8,6)=1; 
 P(9,1)=1; 
 P(9,5)=1; 
 P(9,6)=1; 
 P(10,1)=1; 
 P(11,10)=1; 
 P(11,30)=1; 
 P(12,10)=1; 
 P(12,31)=1; 
 P(13,7)=1; 
 P(13,32)=1; 
 P(14,7)=1; 
 P(14,33)=1; 
 P(15,9)=1; 
 P(15,34)=1; 
 P(16,9)=1; 
 P(16,35)=1; 
 P(17,7)=1; 
 P(17,36)=1; 
 P(18,7)=1; 
 P(18,37)=1; 
 P(19,8)=1; 
 P(19,38)=1; 
 P(20,8)=1; 
 P(20,39)=1; 
 P(21,3)=1; 
 P(21,40)=1; 
 P(22,3)=1; 
 P(22,41)=1; 
 P(23,2)=1; 
 P(23,21)=1; 
 P(24,3)=1; 
 P(24,19)=1; 
 P(25,4)=1; 
 P(25,17)=1; 
 P(26,5)=1; 
 P(26,15)=1; 
 P(27,6)=1; 
 P(27,13)=1; 
 P(28,7)=1; 
 P(28,11)=1; 
 P(29,29)=1; 
 P(30,11)=1; 
 P(30,12)=1; 
 P(31,12)=1; 
 P(31,29)=1; 
 P(32,13)=1; 
 P(32,14)=1; 
 P(33,14)=1; 
 P(33,29)=1; 
 P(34,15)=1; 
 P(34,16)=1; 
 P(35,16)=1; 
 P(35,29)=1; 
 P(36,17)=1; 
 P(36,18)=1; 
 P(37,18)=1; 
 P(37,29)=1; 
 P(38,19)=1; 
 P(38,20)=1; 
 P(39,20)=1; 
 P(39,29)=1; 
 P(40,21)=1; 
 P(40,22)=1; 
 P(41,22)=1; 
 P(41,29)=1; 
 
 
 
 fragment = [ 0 0 0 0 0 0 0 0 0 50 0 0 0 0 0 0 0 0 0 0 0 0 0 0 0 0 0 0 69 0 0 0 0 0 0 0 0 0 0 0 0];