P = sparse(64,64); 
 P(1,2)=1; 
 P(1,5)=1; 
 P(2,17)=1; 
 P(2,18)=1; 
 P(2,19)=1; 
 P(2,20)=1; 
 P(2,21)=1; 
 P(2,22)=1; 
 P(2,23)=1; 
 P(2,24)=1; 
 P(3,25)=1; 
 P(3,26)=1; 
 P(3,27)=1; 
 P(3,28)=1; 
 P(3,29)=1; 
 P(3,30)=1; 
 P(3,31)=1; 
 P(3,32)=1; 
 P(4,33)=1; 
 P(4,34)=1; 
 P(4,35)=1; 
 P(4,36)=1; 
 P(4,37)=1; 
 P(4,38)=1; 
 P(4,39)=1; 
 P(4,40)=1; 
 P(5,41)=1; 
 P(5,42)=1; 
 P(5,43)=1; 
 P(5,44)=1; 
 P(5,45)=1; 
 P(5,46)=1; 
 P(5,47)=1; 
 P(5,48)=1; 
 P(6,49)=1; 
 P(6,50)=1; 
 P(6,51)=1; 
 P(6,52)=1; 
 P(6,53)=1; 
 P(6,54)=1; 
 P(6,55)=1; 
 P(6,56)=1; 
 P(7,57)=1; 
 P(7,58)=1; 
 P(7,59)=1; 
 P(7,60)=1; 
 P(7,61)=1; 
 P(7,62)=1; 
 P(7,63)=1; 
 P(7,64)=1; 
 P(8,2)=1; 
 P(8,4)=1; 
 P(8,6)=1; 
 P(9,1)=1; 
 P(9,5)=1; 
 P(9,6)=1; 
 P(10,10)=1; 
 P(11,11)=1; 
 P(12,12)=1; 
 P(13,13)=1; 
 P(14,14)=1; 
 P(15,15)=1; 
 P(16,1)=1; 
 P(17,3)=1; 
 P(18,3)=1; 
 P(19,3)=1; 
 P(20,3)=1; 
 P(21,3)=1; 
 P(22,3)=1; 
 P(23,3)=1; 
 P(24,15)=1; 
 P(25,8)=1; 
 P(26,8)=1; 
 P(27,8)=1; 
 P(28,8)=1; 
 P(29,8)=1; 
 P(30,8)=1; 
 P(31,8)=1; 
 P(32,14)=1; 
 P(33,7)=1; 
 P(34,7)=1; 
 P(35,7)=1; 
 P(36,7)=1; 
 P(37,7)=1; 
 P(38,7)=1; 
 P(39,7)=1; 
 P(40,13)=1; 
 P(41,9)=1; 
 P(42,9)=1; 
 P(43,9)=1; 
 P(44,9)=1; 
 P(45,9)=1; 
 P(46,9)=1; 
 P(47,9)=1; 
 P(48,12)=1; 
 P(49,7)=1; 
 P(50,7)=1; 
 P(51,7)=1; 
 P(52,7)=1; 
 P(53,7)=1; 
 P(54,7)=1; 
 P(55,7)=1; 
 P(56,11)=1; 
 P(57,16)=1; 
 P(58,16)=1; 
 P(59,16)=1; 
 P(60,16)=1; 
 P(61,16)=1; 
 P(62,16)=1; 
 P(63,16)=1; 
 P(64,10)=1; 
 
 
 
 fragment = [ 1 1 1 1 1 1 2 1 1 19 20 21 22 23 24 25 1 1 1 1 1 1 1 1 1 1 1 1 1 1 1 1 3 4 5 6 7 8 9 10 1 1 1 1 1 1 1 1 11 12 13 14 15 16 17 18 2 2 2 2 2 2 2 2];