P = sparse(42,42); 
 P(1,2)=1; 
 P(1,5)=1; 
 P(2,21)=1; 
 P(2,22)=1; 
 P(3,19)=1; 
 P(3,20)=1; 
 P(4,17)=1; 
 P(4,18)=1; 
 P(5,15)=1; 
 P(5,16)=1; 
 P(6,13)=1; 
 P(6,14)=1; 
 P(7,11)=1; 
 P(7,12)=1; 
 P(8,2)=1; 
 P(8,4)=1; 
 P(8,6)=1; 
 P(9,1)=1; 
 P(9,5)=1; 
 P(9,6)=1; 
 P(10,1)=1; 
 P(11,10)=1; 
 P(11,28)=1; 
 P(12,10)=1; 
 P(12,28)=1; 
 P(14,7)=1; 
 P(14,27)=1; 
 P(15,9)=1; 
 P(15,26)=1; 
 P(16,9)=1; 
 P(16,26)=1; 
 P(18,7)=1; 
 P(18,25)=1; 
 P(19,8)=1; 
 P(19,24)=1; 
 P(20,8)=1; 
 P(20,24)=1; 
 P(21,23)=1; 
 P(22,23)=1; 
 P(23,2)=1; 
 P(24,3)=1; 
 P(26,5)=1; 
 P(28,7)=1; 
 P(28,29)=1; 
 P(29,29)=1; 
 P(23,30)=1; 
 P(30,29)=1; 
 P(21,31)=1; 
 P(31,3)=1; 
 P(22,32)=1; 
 P(32,3)=1; 
 P(26,33)=1; 
 P(33,29)=1; 
 P(25,17)=1; 
 P(27,13)=1; 
 P(24,34)=1; 
 P(34,29)=1; 
 P(13,35)=1; 
 P(35,7)=1; 
 P(27,36)=1; 
 P(36,29)=1; 
 P(27,37)=1; 
 P(37,14)=1; 
 P(13,38)=1; 
 P(38,27)=1; 
 P(17,39)=1; 
 P(39,7)=1; 
 P(25,40)=1; 
 P(40,29)=1; 
 P(25,41)=1; 
 P(41,18)=1; 
 P(17,42)=1; 
 P(42,25)=1; 
 
 
 
 fragment = [ 1 1 1 1 1 1 2 1 1 14 2 2 5 15 1 1 8 16 1 1 1 1 1 1 17 1 18 9 19 1 1 1 1 1 5 10 11 5 8 12 13 8];