P = sparse(161,161); 
 P(1,2)=1; 
 P(1,84)=1; 
 P(2,3)=1; 
 P(2,28)=1; 
 P(3,4)=1; 
 P(4,5)=1; 
 P(4,27)=1; 
 P(5,6)=1; 
 P(5,14)=1; 
 P(7,8)=1; 
 P(7,13)=1; 
 P(8,9)=1; 
 P(8,12)=1; 
 P(9,10)=1; 
 P(10,11)=1; 
 P(10,110)=1; 
 P(11,8)=1; 
 P(12,7)=1; 
 P(13,6)=1; 
 P(14,15)=1; 
 P(15,16)=1; 
 P(16,17)=1; 
 P(17,18)=1; 
 P(18,15)=1; 
 P(19,20)=1; 
 P(20,21)=1; 
 P(20,110)=1; 
 P(21,22)=1; 
 P(21,110)=1; 
 P(22,23)=1; 
 P(22,110)=1; 
 P(23,24)=1; 
 P(24,25)=1; 
 P(25,26)=1; 
 P(26,4)=1; 
 P(27,3)=1; 
 P(28,29)=1; 
 P(29,30)=1; 
 P(29,40)=1; 
 P(30,31)=1; 
 P(30,38)=1; 
 P(31,32)=1; 
 P(31,34)=1; 
 P(32,33)=1; 
 P(33,42)=1; 
 P(33,110)=1; 
 P(34,35)=1; 
 P(35,36)=1; 
 P(35,110)=1; 
 P(36,37)=1; 
 P(37,42)=1; 
 P(37,110)=1; 
 P(38,39)=1; 
 P(38,110)=1; 
 P(40,41)=1; 
 P(41,42)=1; 
 P(41,110)=1; 
 P(42,43)=1; 
 P(42,48)=1; 
 P(43,44)=1; 
 P(43,46)=1; 
 P(44,45)=1; 
 P(44,110)=1; 
 P(46,47)=1; 
 P(46,110)=1; 
 P(47,55)=1; 
 P(47,110)=1; 
 P(48,49)=1; 
 P(48,110)=1; 
 P(49,50)=1; 
 P(49,110)=1; 
 P(50,51)=1; 
 P(50,53)=1; 
 P(51,52)=1; 
 P(53,54)=1; 
 P(55,56)=1; 
 P(55,60)=1; 
 P(56,57)=1; 
 P(56,59)=1; 
 P(57,58)=1; 
 P(58,56)=1; 
 P(59,55)=1; 
 P(60,61)=1; 
 P(60,64)=1; 
 P(61,62)=1; 
 P(61,63)=1; 
 P(64,65)=1; 
 P(64,68)=1; 
 P(65,66)=1; 
 P(66,67)=1; 
 P(67,64)=1; 
 P(68,69)=1; 
 P(68,83)=1; 
 P(69,70)=1; 
 P(70,71)=1; 
 P(71,72)=1; 
 P(71,75)=1; 
 P(72,73)=1; 
 P(73,74)=1; 
 P(74,71)=1; 
 P(75,76)=1; 
 P(75,82)=1; 
 P(76,77)=1; 
 P(76,79)=1; 
 P(77,78)=1; 
 P(78,81)=1; 
 P(79,80)=1; 
 P(80,81)=1; 
 P(81,75)=1; 
 P(82,68)=1; 
 P(83,109)=1; 
 P(84,85)=1; 
 P(84,86)=1; 
 P(85,109)=1; 
 P(86,87)=1; 
 P(86,89)=1; 
 P(87,88)=1; 
 P(88,86)=1; 
 P(89,90)=1; 
 P(89,100)=1; 
 P(90,91)=1; 
 P(90,96)=1; 
 P(91,92)=1; 
 P(91,94)=1; 
 P(92,93)=1; 
 P(93,109)=1; 
 P(93,110)=1; 
 P(94,95)=1; 
 P(95,109)=1; 
 P(95,110)=1; 
 P(96,97)=1; 
 P(97,98)=1; 
 P(98,99)=1; 
 P(99,96)=1; 
 P(100,101)=1; 
 P(101,102)=1; 
 P(101,108)=1; 
 P(102,103)=1; 
 P(102,105)=1; 
 P(103,104)=1; 
 P(104,107)=1; 
 P(105,106)=1; 
 P(106,107)=1; 
 P(107,101)=1; 
 P(108,100)=1; 
 P(109,109)=1; 
 P(110,110)=1; 
 P(3,111)=1; 
 P(111,109)=1; 
 P(112,19)=1; 
 P(24,113)=1; 
 P(113,110)=1; 
 P(114,110)=1; 
 P(23,115)=1; 
 P(115,110)=1; 
 P(116,110)=1; 
 P(117,112)=1; 
 P(118,114)=1; 
 P(119,116)=1; 
 P(14,120)=1; 
 P(120,117)=1; 
 P(17,121)=1; 
 P(121,118)=1; 
 P(122,119)=1; 
 P(6,123)=1; 
 P(123,7)=1; 
 P(6,124)=1; 
 P(124,25)=1; 
 P(9,125)=1; 
 P(125,110)=1; 
 P(15,126)=1; 
 P(126,25)=1; 
 P(16,127)=1; 
 P(127,122)=1; 
 P(19,128)=1; 
 P(128,110)=1; 
 P(32,129)=1; 
 P(129,110)=1; 
 P(34,130)=1; 
 P(130,110)=1; 
 P(36,131)=1; 
 P(131,110)=1; 
 P(39,132)=1; 
 P(132,110)=1; 
 P(39,133)=1; 
 P(133,42)=1; 
 P(40,134)=1; 
 P(134,110)=1; 
 P(45,135)=1; 
 P(135,110)=1; 
 P(52,136)=1; 
 P(136,110)=1; 
 P(54,137)=1; 
 P(137,110)=1; 
 P(53,138)=1; 
 P(138,110)=1; 
 P(51,139)=1; 
 P(139,110)=1; 
 P(45,140)=1; 
 P(140,55)=1; 
 P(52,141)=1; 
 P(141,55)=1; 
 P(54,142)=1; 
 P(142,55)=1; 
 P(62,109)=1; 
 P(63,109)=1; 
 P(70,143)=1; 
 P(143,110)=1; 
 P(73,144)=1; 
 P(144,110)=1; 
 P(77,145)=1; 
 P(145,110)=1; 
 P(78,146)=1; 
 P(146,110)=1; 
 P(79,147)=1; 
 P(147,110)=1; 
 P(80,148)=1; 
 P(148,110)=1; 
 P(65,149)=1; 
 P(149,110)=1; 
 P(69,150)=1; 
 P(150,110)=1; 
 P(72,151)=1; 
 P(151,110)=1; 
 P(96,152)=1; 
 P(152,109)=1; 
 P(98,153)=1; 
 P(153,110)=1; 
 P(97,154)=1; 
 P(154,110)=1; 
 P(92,155)=1; 
 P(155,110)=1; 
 P(94,156)=1; 
 P(156,110)=1; 
 P(100,157)=1; 
 P(157,109)=1; 
 P(104,158)=1; 
 P(158,110)=1; 
 P(106,159)=1; 
 P(159,110)=1; 
 P(103,160)=1; 
 P(160,110)=1; 
 P(105,161)=1; 
 P(161,110)=1; 
 
 
 
 fragment = [ 1 1 50 5 5 7 51 52 8 8 53 54 9 10 10 10 10 10 11 11 55 56 57 58 59 12 5 13 13 14 14 15 15 16 16 17 17 14 19 20 20 60 21 21 24 21 61 62 63 25 25 26 25 27 64 28 28 29 28 30 30 31 32 30 30 30 30 30 30 30 30 30 30 30 30 30 30 30 30 30 30 30 30 1 33 34 34 35 34 36 36 37 37 38 38 36 36 36 36 39 39 39 39 39 39 39 39 39 65 66 40 41 42 67 68 43 44 45 46 10 10 47 7 7 8 10 10 11 15 16 17 19 19 20 24 26 27 48 49 24 26 27 30 30 30 30 30 30 30 30 30 36 36 36 37 38 39 39 39 39 39];