P = sparse(49,49); 
 P(1,2)=1; 
 P(1,5)=1; 
 P(2,3)=1; 
 P(2,17)=1; 
 P(3,8)=1; 
 P(3,18)=1; 
 P(4,7)=1; 
 P(4,19)=1; 
 P(5,9)=1; 
 P(5,20)=1; 
 P(6,7)=1; 
 P(6,21)=1; 
 P(7,22)=1; 
 P(8,2)=1; 
 P(8,4)=1; 
 P(8,6)=1; 
 P(10,1)=1; 
 P(11,24)=1; 
 P(12,25)=1; 
 P(13,26)=1; 
 P(14,27)=1; 
 P(15,8)=1; 
 P(15,28)=1; 
 P(16,3)=1; 
 P(16,29)=1; 
 P(17,2)=1; 
 P(18,3)=1; 
 P(18,15)=1; 
 P(20,13)=1; 
 P(21,12)=1; 
 P(22,7)=1; 
 P(23,23)=1; 
 P(24,11)=1; 
 P(25,12)=1; 
 P(26,13)=1; 
 P(27,14)=1; 
 P(28,15)=1; 
 P(29,16)=1; 
 P(9,9)=1; 
 P(20,9)=1; 
 P(20,20)=1; 
 P(17,30)=1; 
 P(30,16)=1; 
 P(19,19)=1; 
 P(21,21)=1; 
 P(28,31)=1; 
 P(31,23)=1; 
 P(29,32)=1; 
 P(32,23)=1; 
 P(7,33)=1; 
 P(33,10)=1; 
 P(22,34)=1; 
 P(34,11)=1; 
 P(9,35)=1; 
 P(35,1)=1; 
 P(9,36)=1; 
 P(36,7)=1; 
 P(21,37)=1; 
 P(37,7)=1; 
 P(9,38)=1; 
 P(38,20)=1; 
 P(9,39)=1; 
 P(39,21)=1; 
 P(11,40)=1; 
 P(40,10)=1; 
 P(24,41)=1; 
 P(41,23)=1; 
 P(12,42)=1; 
 P(42,7)=1; 
 P(25,43)=1; 
 P(43,23)=1; 
 P(13,44)=1; 
 P(44,9)=1; 
 P(26,45)=1; 
 P(45,23)=1; 
 P(14,46)=1; 
 P(46,7)=1; 
 P(27,47)=1; 
 P(47,23)=1; 
 P(19,48)=1; 
 P(48,14)=1; 
 P(19,49)=1; 
 P(49,7)=1; 
 
 
 
 fragment = [ 1 1 1 1 1 1 2 1 4 11 5 6 7 8 1 1 1 1 9 12 13 2 14 5 6 7 8 1 1 1 1 1 2 2 4 4 10 4 4 5 5 6 6 7 7 8 8 9 9];