P = sparse(37,37); 
 P(1,2)=1; 
 P(1,5)=1; 
 P(2,3)=1; 
 P(2,17)=1; 
 P(3,8)=1; 
 P(3,18)=1; 
 P(4,7)=1; 
 P(4,19)=1; 
 P(5,9)=1; 
 P(5,20)=1; 
 P(6,7)=1; 
 P(6,21)=1; 
 P(7,22)=1; 
 P(8,2)=1; 
 P(8,4)=1; 
 P(8,6)=1; 
 P(9,1)=1; 
 P(9,5)=1; 
 P(9,6)=1; 
 P(10,1)=1; 
 P(11,24)=1; 
 P(12,7)=1; 
 P(12,25)=1; 
 P(13,9)=1; 
 P(13,26)=1; 
 P(14,7)=1; 
 P(14,27)=1; 
 P(15,8)=1; 
 P(15,28)=1; 
 P(16,3)=1; 
 P(16,29)=1; 
 P(17,2)=1; 
 P(17,16)=1; 
 P(18,3)=1; 
 P(18,15)=1; 
 P(19,4)=1; 
 P(19,14)=1; 
 P(20,5)=1; 
 P(20,13)=1; 
 P(21,6)=1; 
 P(21,12)=1; 
 P(22,7)=1; 
 P(22,11)=1; 
 P(23,23)=1; 
 P(24,11)=1; 
 P(25,12)=1; 
 P(26,13)=1; 
 P(27,14)=1; 
 P(28,15)=1; 
 P(29,16)=1; 
 P(7,30)=1; 
 P(30,10)=1; 
 P(11,31)=1; 
 P(31,10)=1; 
 P(28,32)=1; 
 P(32,23)=1; 
 P(29,33)=1; 
 P(33,23)=1; 
 P(26,34)=1; 
 P(34,23)=1; 
 P(27,35)=1; 
 P(35,23)=1; 
 P(25,36)=1; 
 P(36,23)=1; 
 P(24,37)=1; 
 P(37,23)=1; 
 
 
 
 fragment = [ 1 1 1 1 1 1 1 1 1 2 1 1 1 1 1 1 1 1 1 1 1 1 3 1 1 1 1 1 1 1 1 1 1 1 1 1 1];