P = sparse(29,29); 
 P(1,2)=1; 
 P(1,5)=1; 
 P(2,22)=1; 
 P(2,23)=1; 
 P(3,20)=1; 
 P(3,21)=1; 
 P(4,18)=1; 
 P(4,19)=1; 
 P(5,16)=1; 
 P(5,17)=1; 
 P(6,14)=1; 
 P(6,15)=1; 
 P(7,12)=1; 
 P(7,13)=1; 
 P(8,2)=1; 
 P(8,4)=1; 
 P(8,6)=1; 
 P(9,1)=1; 
 P(9,5)=1; 
 P(9,6)=1; 
 P(10,10)=1; 
 P(11,1)=1; 
 P(12,10)=1; 
 P(12,11)=1; 
 P(13,10)=1; 
 P(13,11)=1; 
 P(14,7)=1; 
 P(14,10)=1; 
 P(15,7)=1; 
 P(15,10)=1; 
 P(16,9)=1; 
 P(17,9)=1; 
 P(18,7)=1; 
 P(18,10)=1; 
 P(19,7)=1; 
 P(19,10)=1; 
 P(20,8)=1; 
 P(21,8)=1; 
 P(22,3)=1; 
 P(23,3)=1; 
 P(16,24)=1; 
 P(24,10)=1; 
 P(17,25)=1; 
 P(25,10)=1; 
 P(20,26)=1; 
 P(26,10)=1; 
 P(21,27)=1; 
 P(27,10)=1; 
 P(22,28)=1; 
 P(28,10)=1; 
 P(23,29)=1; 
 P(29,10)=1; 
 
 
 
 fragment = [ 1 1 1 1 1 1 2 1 1 4 3 2 2 1 1 1 1 1 1 1 1 1 1 1 1 1 1 1 1];