P = sparse(38,38); 
 P(1,2)=1; 
 P(1,5)=1; 
 P(2,3)=1; 
 P(2,27)=1; 
 P(3,8)=1; 
 P(3,24)=1; 
 P(4,7)=1; 
 P(4,21)=1; 
 P(5,9)=1; 
 P(5,18)=1; 
 P(6,7)=1; 
 P(6,15)=1; 
 P(7,12)=1; 
 P(8,2)=1; 
 P(8,4)=1; 
 P(8,6)=1; 
 P(10,10)=1; 
 P(11,1)=1; 
 P(12,11)=1; 
 P(12,13)=1; 
 P(13,14)=1; 
 P(14,10)=1; 
 P(14,11)=1; 
 P(15,16)=1; 
 P(16,7)=1; 
 P(16,17)=1; 
 P(17,7)=1; 
 P(17,10)=1; 
 P(18,9)=1; 
 P(18,19)=1; 
 P(19,9)=1; 
 P(20,9)=1; 
 P(20,10)=1; 
 P(21,22)=1; 
 P(22,7)=1; 
 P(22,23)=1; 
 P(23,7)=1; 
 P(23,10)=1; 
 P(24,8)=1; 
 P(24,25)=1; 
 P(25,8)=1; 
 P(25,26)=1; 
 P(26,8)=1; 
 P(27,3)=1; 
 P(27,28)=1; 
 P(28,3)=1; 
 P(28,29)=1; 
 P(29,3)=1; 
 P(9,9)=1; 
 P(9,18)=1; 
 P(26,30)=1; 
 P(30,10)=1; 
 P(9,15)=1; 
 P(29,31)=1; 
 P(31,10)=1; 
 P(7,32)=1; 
 P(32,11)=1; 
 P(9,33)=1; 
 P(33,1)=1; 
 P(9,34)=1; 
 P(34,7)=1; 
 P(15,35)=1; 
 P(35,7)=1; 
 P(19,36)=1; 
 P(36,20)=1; 
 P(13,37)=1; 
 P(37,11)=1; 
 P(21,38)=1; 
 P(38,7)=1; 
 
 
 
 fragment = [ 1 1 1 1 1 1 2 1 3 9 10 2 4 4 3 3 5 3 3 6 7 7 8 1 1 1 1 1 1 1 1 2 3 3 3 3 4 7];