P = sparse(40,40); 
 P(1,2)=1; 
 P(1,5)=1; 
 P(2,17)=1; 
 P(2,18)=1; 
 P(2,19)=1; 
 P(2,20)=1; 
 P(3,21)=1; 
 P(3,22)=1; 
 P(3,23)=1; 
 P(3,24)=1; 
 P(4,25)=1; 
 P(4,26)=1; 
 P(4,27)=1; 
 P(4,28)=1; 
 P(5,29)=1; 
 P(5,30)=1; 
 P(5,31)=1; 
 P(5,32)=1; 
 P(6,33)=1; 
 P(6,34)=1; 
 P(6,35)=1; 
 P(6,36)=1; 
 P(7,37)=1; 
 P(7,38)=1; 
 P(7,39)=1; 
 P(7,40)=1; 
 P(8,2)=1; 
 P(8,4)=1; 
 P(8,6)=1; 
 P(9,1)=1; 
 P(9,5)=1; 
 P(9,6)=1; 
 P(10,10)=1; 
 P(11,11)=1; 
 P(12,12)=1; 
 P(13,13)=1; 
 P(14,14)=1; 
 P(15,15)=1; 
 P(16,1)=1; 
 P(17,3)=1; 
 P(18,3)=1; 
 P(19,3)=1; 
 P(20,15)=1; 
 P(21,8)=1; 
 P(22,8)=1; 
 P(23,8)=1; 
 P(24,14)=1; 
 P(25,7)=1; 
 P(26,7)=1; 
 P(27,7)=1; 
 P(28,13)=1; 
 P(29,9)=1; 
 P(30,9)=1; 
 P(31,9)=1; 
 P(32,12)=1; 
 P(33,7)=1; 
 P(34,7)=1; 
 P(35,7)=1; 
 P(36,11)=1; 
 P(37,16)=1; 
 P(38,16)=1; 
 P(39,16)=1; 
 P(40,10)=1; 
 
 
 
 fragment = [ 1 1 1 1 1 1 2 1 1 11 12 13 14 15 16 17 1 1 1 1 1 1 1 1 3 4 5 6 1 1 1 1 7 8 9 10 2 2 2 2];