P = sparse(11,11); 
 P(1,2)=1; 
 P(1,5)=1; 
 P(2,3)=1; 
 P(2,10)=1; 
 P(3,8)=1; 
 P(3,10)=1; 
 P(4,7)=1; 
 P(4,10)=1; 
 P(5,9)=1; 
 P(5,10)=1; 
 P(6,7)=1; 
 P(6,10)=1; 
 P(7,10)=1; 
 P(7,11)=1; 
 P(8,2)=1; 
 P(8,4)=1; 
 P(8,6)=1; 
 P(9,1)=1; 
 P(9,5)=1; 
 P(9,6)=1; 
 P(10,10)=1; 
 P(11,1)=1; 
 
 
 
 fragment = [ 0 0 0 0 0 0 0 0 0 20 21];