P = sparse(19,19); 
 P(1,2)=1; 
 P(1,5)=1; 
 P(2,3)=1; 
 P(2,10)=1; 
 P(3,8)=1; 
 P(4,7)=1; 
 P(5,9)=1; 
 P(5,10)=1; 
 P(6,10)=1; 
 P(7,10)=1; 
 P(7,11)=1; 
 P(10,10)=1; 
 P(11,11)=1; 
 P(8,3)=1; 
 P(9,9)=1; 
 P(3,12)=1; 
 P(12,10)=1; 
 P(8,13)=1; 
 P(13,4)=1; 
 P(8,14)=1; 
 P(14,6)=1; 
 P(8,15)=1; 
 P(15,10)=1; 
 P(4,16)=1; 
 P(16,10)=1; 
 P(9,17)=1; 
 P(17,1)=1; 
 P(9,18)=1; 
 P(18,6)=1; 
 P(9,19)=1; 
 P(19,10)=1; 
 P(6,11)=1; 
 
 
 
 fragment = [ 1 1 2 6 1 4 6 2 5 7 8 2 2 2 2 6 5 5 5];