P = sparse(44,44); 
 P(1,2)=1; 
 P(1,5)=1; 
 P(2,3)=1; 
 P(2,17)=1; 
 P(3,8)=1; 
 P(3,18)=1; 
 P(4,7)=1; 
 P(4,19)=1; 
 P(5,9)=1; 
 P(5,20)=1; 
 P(6,7)=1; 
 P(6,21)=1; 
 P(7,22)=1; 
 P(8,2)=1; 
 P(8,4)=1; 
 P(8,6)=1; 
 P(9,1)=1; 
 P(9,5)=1; 
 P(9,6)=1; 
 P(10,1)=1; 
 P(11,24)=1; 
 P(12,25)=1; 
 P(13,9)=1; 
 P(13,26)=1; 
 P(14,27)=1; 
 P(15,8)=1; 
 P(15,28)=1; 
 P(16,3)=1; 
 P(16,29)=1; 
 P(17,2)=1; 
 P(17,16)=1; 
 P(18,3)=1; 
 P(18,15)=1; 
 P(20,5)=1; 
 P(20,13)=1; 
 P(22,7)=1; 
 P(23,23)=1; 
 P(24,11)=1; 
 P(25,12)=1; 
 P(26,13)=1; 
 P(27,14)=1; 
 P(28,15)=1; 
 P(29,16)=1; 
 P(19,19)=1; 
 P(21,21)=1; 
 P(28,30)=1; 
 P(30,23)=1; 
 P(29,31)=1; 
 P(31,23)=1; 
 P(26,32)=1; 
 P(32,23)=1; 
 P(7,33)=1; 
 P(33,10)=1; 
 P(22,34)=1; 
 P(34,11)=1; 
 P(11,35)=1; 
 P(35,10)=1; 
 P(24,36)=1; 
 P(36,23)=1; 
 P(12,37)=1; 
 P(37,7)=1; 
 P(25,38)=1; 
 P(38,23)=1; 
 P(14,39)=1; 
 P(39,7)=1; 
 P(27,40)=1; 
 P(40,23)=1; 
 P(19,41)=1; 
 P(41,14)=1; 
 P(19,42)=1; 
 P(42,7)=1; 
 P(21,43)=1; 
 P(43,12)=1; 
 P(21,44)=1; 
 P(44,7)=1; 
 
 
 
 fragment = [ 1 1 1 1 1 1 2 1 1 8 3 4 1 5 1 1 1 1 6 1 7 2 9 3 4 1 5 1 1 1 1 1 2 2 3 3 4 4 5 5 6 6 7 7];
 
 