P = sparse(49,49); 
 P(1,2)=1; 
 P(1,5)=1; 
 P(2,26)=1; 
 P(2,27)=1; 
 P(2,28)=1; 
 P(3,23)=1; 
 P(3,24)=1; 
 P(3,25)=1; 
 P(4,20)=1; 
 P(4,21)=1; 
 P(4,22)=1; 
 P(5,17)=1; 
 P(5,18)=1; 
 P(5,19)=1; 
 P(6,14)=1; 
 P(6,15)=1; 
 P(6,16)=1; 
 P(7,11)=1; 
 P(7,12)=1; 
 P(7,13)=1; 
 P(8,2)=1; 
 P(8,4)=1; 
 P(8,6)=1; 
 P(9,1)=1; 
 P(9,5)=1; 
 P(9,6)=1; 
 P(10,1)=1; 
 P(11,10)=1; 
 P(11,34)=1; 
 P(12,10)=1; 
 P(12,34)=1; 
 P(13,10)=1; 
 P(13,34)=1; 
 P(14,33)=1; 
 P(15,7)=1; 
 P(15,33)=1; 
 P(16,7)=1; 
 P(16,33)=1; 
 P(17,9)=1; 
 P(17,32)=1; 
 P(18,9)=1; 
 P(18,32)=1; 
 P(19,9)=1; 
 P(19,32)=1; 
 P(20,31)=1; 
 P(21,7)=1; 
 P(21,31)=1; 
 P(22,7)=1; 
 P(22,31)=1; 
 P(23,8)=1; 
 P(23,30)=1; 
 P(24,8)=1; 
 P(24,30)=1; 
 P(25,8)=1; 
 P(25,30)=1; 
 P(26,29)=1; 
 P(27,29)=1; 
 P(28,29)=1; 
 P(29,2)=1; 
 P(30,3)=1; 
 P(32,5)=1; 
 P(34,7)=1; 
 P(34,35)=1; 
 P(35,35)=1; 
 P(29,36)=1; 
 P(36,35)=1; 
 P(26,37)=1; 
 P(37,3)=1; 
 P(27,38)=1; 
 P(38,3)=1; 
 P(28,39)=1; 
 P(39,3)=1; 
 P(32,40)=1; 
 P(40,35)=1; 
 P(31,20)=1; 
 P(33,14)=1; 
 P(30,41)=1; 
 P(41,35)=1; 
 P(14,42)=1; 
 P(42,7)=1; 
 P(33,43)=1; 
 P(43,35)=1; 
 P(33,44)=1; 
 P(44,15)=1; 
 P(33,45)=1; 
 P(45,16)=1; 
 P(20,46)=1; 
 P(46,7)=1; 
 P(31,47)=1; 
 P(47,35)=1; 
 P(31,48)=1; 
 P(48,21)=1; 
 P(31,49)=1; 
 P(49,22)=1; 
 
 
 
 fragment = [ 1 1 1 1 1 1 2 1 1 12 2 2 2 6 5 4 1 1 1 10 9 8 1 1 1 1 1 1 1 1 10 1 6 11 13 1 1 1 1 1 1 6 6 6 6 10 10 10 10];