P = sparse(35,35); 
 P(1,2)=1; 
 P(1,5)=1; 
 P(2,26)=1; 
 P(2,27)=1; 
 P(2,28)=1; 
 P(3,23)=1; 
 P(3,24)=1; 
 P(3,25)=1; 
 P(4,20)=1; 
 P(4,21)=1; 
 P(4,22)=1; 
 P(5,17)=1; 
 P(5,18)=1; 
 P(5,19)=1; 
 P(6,14)=1; 
 P(6,15)=1; 
 P(6,16)=1; 
 P(7,11)=1; 
 P(7,12)=1; 
 P(7,13)=1; 
 P(8,2)=1; 
 P(8,4)=1; 
 P(8,6)=1; 
 P(9,1)=1; 
 P(9,5)=1; 
 P(9,6)=1; 
 P(10,1)=1; 
 P(11,10)=1; 
 P(11,34)=1; 
 P(12,10)=1; 
 P(12,34)=1; 
 P(13,10)=1; 
 P(13,34)=1; 
 P(14,7)=1; 
 P(14,33)=1; 
 P(15,7)=1; 
 P(15,33)=1; 
 P(16,7)=1; 
 P(16,33)=1; 
 P(17,9)=1; 
 P(17,32)=1; 
 P(18,9)=1; 
 P(18,32)=1; 
 P(19,9)=1; 
 P(19,32)=1; 
 P(20,7)=1; 
 P(20,31)=1; 
 P(21,7)=1; 
 P(21,31)=1; 
 P(22,7)=1; 
 P(22,31)=1; 
 P(23,8)=1; 
 P(23,30)=1; 
 P(24,8)=1; 
 P(24,30)=1; 
 P(25,8)=1; 
 P(25,30)=1; 
 P(26,3)=1; 
 P(26,29)=1; 
 P(27,3)=1; 
 P(27,29)=1; 
 P(28,3)=1; 
 P(28,29)=1; 
 P(29,2)=1; 
 P(29,35)=1; 
 P(30,3)=1; 
 P(30,35)=1; 
 P(31,4)=1; 
 P(31,35)=1; 
 P(32,5)=1; 
 P(32,35)=1; 
 P(33,6)=1; 
 P(33,35)=1; 
 P(34,7)=1; 
 P(34,35)=1; 
 P(35,35)=1; 
 
 
 
 fragment = [ 0 0 0 0 0 0 0 0 0 44 0 0 0 0 0 0 0 0 0 0 0 0 0 0 0 0 0 0 0 0 0 0 0 0 69];