P = sparse(47,47); 
 P(1,2)=1; 
 P(1,5)=1; 
 P(2,36)=1; 
 P(2,37)=1; 
 P(2,38)=1; 
 P(2,39)=1; 
 P(2,40)=1; 
 P(3,31)=1; 
 P(3,32)=1; 
 P(3,33)=1; 
 P(3,34)=1; 
 P(3,35)=1; 
 P(4,26)=1; 
 P(4,27)=1; 
 P(4,28)=1; 
 P(4,29)=1; 
 P(4,30)=1; 
 P(5,21)=1; 
 P(5,22)=1; 
 P(5,23)=1; 
 P(5,24)=1; 
 P(5,25)=1; 
 P(6,16)=1; 
 P(6,17)=1; 
 P(6,18)=1; 
 P(6,19)=1; 
 P(6,20)=1; 
 P(7,11)=1; 
 P(7,12)=1; 
 P(7,13)=1; 
 P(7,14)=1; 
 P(7,15)=1; 
 P(8,2)=1; 
 P(8,4)=1; 
 P(8,6)=1; 
 P(9,1)=1; 
 P(9,5)=1; 
 P(9,6)=1; 
 P(10,1)=1; 
 P(11,10)=1; 
 P(11,46)=1; 
 P(12,10)=1; 
 P(12,46)=1; 
 P(13,10)=1; 
 P(13,46)=1; 
 P(14,10)=1; 
 P(14,46)=1; 
 P(15,10)=1; 
 P(15,46)=1; 
 P(16,7)=1; 
 P(16,45)=1; 
 P(17,7)=1; 
 P(17,45)=1; 
 P(18,7)=1; 
 P(18,45)=1; 
 P(19,7)=1; 
 P(19,45)=1; 
 P(20,7)=1; 
 P(20,45)=1; 
 P(21,9)=1; 
 P(21,44)=1; 
 P(22,9)=1; 
 P(22,44)=1; 
 P(23,9)=1; 
 P(23,44)=1; 
 P(24,9)=1; 
 P(24,44)=1; 
 P(25,9)=1; 
 P(25,44)=1; 
 P(26,7)=1; 
 P(26,43)=1; 
 P(27,7)=1; 
 P(27,43)=1; 
 P(28,7)=1; 
 P(28,43)=1; 
 P(29,7)=1; 
 P(29,43)=1; 
 P(30,7)=1; 
 P(30,43)=1; 
 P(31,8)=1; 
 P(31,42)=1; 
 P(32,8)=1; 
 P(32,42)=1; 
 P(33,8)=1; 
 P(33,42)=1; 
 P(34,8)=1; 
 P(34,42)=1; 
 P(35,8)=1; 
 P(35,42)=1; 
 P(36,3)=1; 
 P(36,41)=1; 
 P(37,3)=1; 
 P(37,41)=1; 
 P(38,3)=1; 
 P(38,41)=1; 
 P(39,3)=1; 
 P(39,41)=1; 
 P(40,3)=1; 
 P(40,41)=1; 
 P(41,2)=1; 
 P(41,47)=1; 
 P(42,3)=1; 
 P(42,47)=1; 
 P(43,4)=1; 
 P(43,47)=1; 
 P(44,5)=1; 
 P(44,47)=1; 
 P(45,6)=1; 
 P(45,47)=1; 
 P(46,7)=1; 
 P(46,47)=1; 
 P(47,47)=1; 
 
 
 
 fragment = [ 0 0 0 0 0 0 0 0 0 56 0 0 0 0 0 0 0 0 0 0 0 0 0 0 0 0 0 0 0 0 0 0 0 0 0 0 0 0 0 0 0 0 0 0 0 0 93];