P = sparse(98,98); 
 P(1,2)=1; 
 P(1,5)=1; 
 P(2,3)=1; 
 P(2,35)=1; 
 P(3,8)=1; 
 P(3,36)=1; 
 P(4,7)=1; 
 P(4,37)=1; 
 P(5,9)=1; 
 P(5,38)=1; 
 P(6,7)=1; 
 P(6,39)=1; 
 P(7,40)=1; 
 P(8,2)=1; 
 P(8,4)=1; 
 P(8,6)=1; 
 P(9,1)=1; 
 P(9,5)=1; 
 P(9,6)=1; 
 P(10,1)=1; 
 P(11,42)=1; 
 P(12,43)=1; 
 P(13,44)=1; 
 P(14,45)=1; 
 P(15,46)=1; 
 P(16,47)=1; 
 P(17,48)=1; 
 P(18,49)=1; 
 P(19,9)=1; 
 P(19,50)=1; 
 P(20,9)=1; 
 P(20,51)=1; 
 P(21,9)=1; 
 P(21,52)=1; 
 P(22,9)=1; 
 P(22,53)=1; 
 P(23,54)=1; 
 P(24,55)=1; 
 P(25,56)=1; 
 P(26,57)=1; 
 P(27,8)=1; 
 P(27,58)=1; 
 P(28,8)=1; 
 P(28,59)=1; 
 P(29,8)=1; 
 P(29,60)=1; 
 P(30,8)=1; 
 P(30,61)=1; 
 P(31,3)=1; 
 P(31,62)=1; 
 P(32,3)=1; 
 P(32,63)=1; 
 P(33,3)=1; 
 P(33,64)=1; 
 P(34,3)=1; 
 P(34,65)=1; 
 P(35,2)=1; 
 P(35,31)=1; 
 P(36,3)=1; 
 P(36,27)=1; 
 P(38,5)=1; 
 P(38,19)=1; 
 P(40,7)=1; 
 P(41,41)=1; 
 P(42,11)=1; 
 P(43,12)=1; 
 P(44,13)=1; 
 P(45,14)=1; 
 P(46,15)=1; 
 P(47,16)=1; 
 P(48,17)=1; 
 P(49,18)=1; 
 P(50,19)=1; 
 P(50,20)=1; 
 P(51,20)=1; 
 P(51,21)=1; 
 P(52,21)=1; 
 P(52,22)=1; 
 P(53,22)=1; 
 P(54,23)=1; 
 P(55,24)=1; 
 P(56,25)=1; 
 P(57,26)=1; 
 P(58,27)=1; 
 P(58,28)=1; 
 P(59,28)=1; 
 P(59,29)=1; 
 P(60,29)=1; 
 P(60,30)=1; 
 P(61,30)=1; 
 P(62,31)=1; 
 P(62,32)=1; 
 P(63,32)=1; 
 P(63,33)=1; 
 P(64,33)=1; 
 P(64,34)=1; 
 P(65,34)=1; 
 P(37,37)=1; 
 P(39,39)=1; 
 P(61,66)=1; 
 P(66,41)=1; 
 P(65,67)=1; 
 P(67,41)=1; 
 P(53,68)=1; 
 P(68,41)=1; 
 P(7,69)=1; 
 P(69,10)=1; 
 P(40,70)=1; 
 P(70,11)=1; 
 P(11,71)=1; 
 P(71,10)=1; 
 P(42,72)=1; 
 P(72,12)=1; 
 P(12,73)=1; 
 P(73,10)=1; 
 P(43,74)=1; 
 P(74,13)=1; 
 P(13,75)=1; 
 P(75,10)=1; 
 P(44,76)=1; 
 P(76,14)=1; 
 P(14,77)=1; 
 P(77,10)=1; 
 P(45,78)=1; 
 P(78,41)=1; 
 P(15,79)=1; 
 P(79,7)=1; 
 P(46,80)=1; 
 P(80,16)=1; 
 P(16,81)=1; 
 P(81,7)=1; 
 P(47,82)=1; 
 P(82,17)=1; 
 P(17,83)=1; 
 P(83,7)=1; 
 P(48,84)=1; 
 P(84,18)=1; 
 P(18,85)=1; 
 P(85,7)=1; 
 P(49,86)=1; 
 P(86,41)=1; 
 P(23,87)=1; 
 P(87,7)=1; 
 P(54,88)=1; 
 P(88,24)=1; 
 P(24,89)=1; 
 P(89,7)=1; 
 P(55,90)=1; 
 P(90,25)=1; 
 P(25,91)=1; 
 P(91,7)=1; 
 P(56,92)=1; 
 P(92,26)=1; 
 P(26,93)=1; 
 P(93,7)=1; 
 P(57,94)=1; 
 P(94,41)=1; 
 P(37,95)=1; 
 P(95,23)=1; 
 P(37,96)=1; 
 P(96,7)=1; 
 P(39,97)=1; 
 P(97,15)=1; 
 P(39,98)=1; 
 P(98,7)=1; 
 
 
 
 fragment = [ 1 1 1 1 1 1 2 1 1 17 3 4 5 6 7 8 9 10 1 1 1 1 11 12 13 14 1 1 1 1 1 1 1 1 1 1 15 1 16 2 18 3 4 5 6 7 8 9 10 1 1 1 1 11 12 13 14 1 1 1 1 1 1 1 1 1 1 1 2 2 3 3 4 4 5 5 6 6 7 7 8 8 9 9 10 10 11 11 12 12 13 13 14 14 15 15 16 16];