P = sparse(58,58); 
 P(1,2)=1; 
 P(1,5)=1; 
 P(2,31)=1; 
 P(2,32)=1; 
 P(2,33)=1; 
 P(2,34)=1; 
 P(3,27)=1; 
 P(3,28)=1; 
 P(3,29)=1; 
 P(3,30)=1; 
 P(4,23)=1; 
 P(4,24)=1; 
 P(4,25)=1; 
 P(4,26)=1; 
 P(5,19)=1; 
 P(5,20)=1; 
 P(5,21)=1; 
 P(5,22)=1; 
 P(6,15)=1; 
 P(6,16)=1; 
 P(6,17)=1; 
 P(6,18)=1; 
 P(7,11)=1; 
 P(7,12)=1; 
 P(7,13)=1; 
 P(7,14)=1; 
 P(8,2)=1; 
 P(8,4)=1; 
 P(8,6)=1; 
 P(9,1)=1; 
 P(9,5)=1; 
 P(9,6)=1; 
 P(10,1)=1; 
 P(11,10)=1; 
 P(11,40)=1; 
 P(12,10)=1; 
 P(12,40)=1; 
 P(13,10)=1; 
 P(13,40)=1; 
 P(14,10)=1; 
 P(14,40)=1; 
 P(15,39)=1; 
 P(16,7)=1; 
 P(16,39)=1; 
 P(17,7)=1; 
 P(17,39)=1; 
 P(18,7)=1; 
 P(18,39)=1; 
 P(19,9)=1; 
 P(19,38)=1; 
 P(20,9)=1; 
 P(20,38)=1; 
 P(21,9)=1; 
 P(21,38)=1; 
 P(22,9)=1; 
 P(22,38)=1; 
 P(23,37)=1; 
 P(24,7)=1; 
 P(24,37)=1; 
 P(25,7)=1; 
 P(25,37)=1; 
 P(26,7)=1; 
 P(26,37)=1; 
 P(27,8)=1; 
 P(27,36)=1; 
 P(28,8)=1; 
 P(28,36)=1; 
 P(29,8)=1; 
 P(29,36)=1; 
 P(30,8)=1; 
 P(30,36)=1; 
 P(31,35)=1; 
 P(32,35)=1; 
 P(33,35)=1; 
 P(34,35)=1; 
 P(35,2)=1; 
 P(36,3)=1; 
 P(38,5)=1; 
 P(40,7)=1; 
 P(40,41)=1; 
 P(41,41)=1; 
 P(35,42)=1; 
 P(42,41)=1; 
 P(31,43)=1; 
 P(43,3)=1; 
 P(32,44)=1; 
 P(44,3)=1; 
 P(33,45)=1; 
 P(45,3)=1; 
 P(34,46)=1; 
 P(46,3)=1; 
 P(38,47)=1; 
 P(47,41)=1; 
 P(37,23)=1; 
 P(39,15)=1; 
 P(36,48)=1; 
 P(48,41)=1; 
 P(15,49)=1; 
 P(49,7)=1; 
 P(39,50)=1; 
 P(50,41)=1; 
 P(39,51)=1; 
 P(51,16)=1; 
 P(39,52)=1; 
 P(52,17)=1; 
 P(39,53)=1; 
 P(53,18)=1; 
 P(23,54)=1; 
 P(54,7)=1; 
 P(37,55)=1; 
 P(55,41)=1; 
 P(37,56)=1; 
 P(56,24)=1; 
 P(37,57)=1; 
 P(57,25)=1; 
 P(37,58)=1; 
 P(58,26)=1; 
 
 
 
 fragment = [ 1 1 1 1 1 1 2 1 1 14 2 2 2 2 7 6 4 5 1 1 1 1 12 11 9 10 1 1 1 1 1 1 1 1 1 1 12 1 7 13 15 1 1 1 1 1 1 1 7 7 7 7 7 12 12 12 12 12];