P = sparse(23,23); 
 P(1,2)=1; 
 P(1,5)=1; 
 P(2,3)=1; 
 P(2,22)=1; 
 P(3,8)=1; 
 P(3,20)=1; 
 P(4,7)=1; 
 P(4,18)=1; 
 P(5,9)=1; 
 P(5,16)=1; 
 P(6,7)=1; 
 P(6,14)=1; 
 P(7,11)=1; 
 P(7,12)=1; 
 P(8,2)=1; 
 P(8,4)=1; 
 P(8,6)=1; 
 P(9,1)=1; 
 P(9,5)=1; 
 P(9,6)=1; 
 P(10,10)=1; 
 P(11,1)=1; 
 P(12,11)=1; 
 P(12,13)=1; 
 P(13,10)=1; 
 P(13,11)=1; 
 P(14,7)=1; 
 P(14,15)=1; 
 P(15,7)=1; 
 P(15,10)=1; 
 P(16,9)=1; 
 P(16,17)=1; 
 P(17,9)=1; 
 P(17,10)=1; 
 P(18,7)=1; 
 P(18,19)=1; 
 P(19,7)=1; 
 P(19,10)=1; 
 P(20,8)=1; 
 P(20,21)=1; 
 P(21,8)=1; 
 P(21,10)=1; 
 P(22,3)=1; 
 P(22,23)=1; 
 P(23,3)=1; 
 P(23,10)=1; 
 
 
 
 fragment = [ 0 0 0 0 0 0 0 0 0 32 33 0 0 0 0 0 0 0 0 0 0 0 0];