P = sparse(21,21); 
 P(1,2)=1; 
 P(1,5)=1; 
 P(2,3)=1; 
 P(2,17)=1; 
 P(3,8)=1; 
 P(3,16)=1; 
 P(4,7)=1; 
 P(4,15)=1; 
 P(5,9)=1; 
 P(5,14)=1; 
 P(6,7)=1; 
 P(6,13)=1; 
 P(7,12)=1; 
 P(8,2)=1; 
 P(8,4)=1; 
 P(8,6)=1; 
 P(9,1)=1; 
 P(9,5)=1; 
 P(9,6)=1; 
 P(10,10)=1; 
 P(11,1)=1; 
 P(12,10)=1; 
 P(12,11)=1; 
 P(13,7)=1; 
 P(13,10)=1; 
 P(14,9)=1; 
 P(15,7)=1; 
 P(15,10)=1; 
 P(16,8)=1; 
 P(17,3)=1; 
 P(17,18)=1; 
 P(18,10)=1; 
 P(14,19)=1; 
 P(19,10)=1; 
 P(16,20)=1; 
 P(20,10)=1; 
 P(7,21)=1; 
 P(21,11)=1; 
 
 
 
 fragment = [ 1 1 1 1 1 1 2 1 1 5 6 2 3 1 4 1 1 1 1 1 2];