P = sparse(17,17); 
 P(1,2)=1; 
 P(1,3)=1; 
 P(2,3)=1; 
 P(3,5)=1; 
 P(3,10)=1; 
 P(4,14)=1; 
 P(5,6)=1; 
 P(5,7)=1; 
 P(6,8)=1; 
 P(6,9)=1; 
 P(7,8)=1; 
 P(7,9)=1; 
 P(8,15)=1; 
 P(9,14)=1; 
 P(10,11)=1; 
 P(10,13)=1; 
 P(11,10)=1; 
 P(11,13)=1; 
 P(12,14)=1; 
 P(13,1)=1; 
 P(13,15)=1; 
 P(14,14)=1; 
 P(15,15)=1; 
 P(2,16)=1; 
 P(16,4)=1; 
 P(11,17)=1; 
 P(17,12)=1; 
 
 
 
 fragment = [ 1 1 1 2 3 3 3 4 5 6 6 7 6 8 9 1 6];