P = sparse(115,115); 
 P(1,2)=1; 
 P(1,31)=1; 
 P(2,3)=1; 
 P(2,6)=1; 
 P(3,4)=1; 
 P(3,114)=1; 
 P(4,5)=1; 
 P(5,3)=1; 
 P(6,7)=1; 
 P(7,8)=1; 
 P(7,114)=1; 
 P(8,9)=1; 
 P(8,14)=1; 
 P(9,10)=1; 
 P(9,12)=1; 
 P(10,11)=1; 
 P(10,115)=1; 
 P(11,30)=1; 
 P(11,115)=1; 
 P(12,13)=1; 
 P(12,115)=1; 
 P(13,30)=1; 
 P(13,115)=1; 
 P(14,15)=1; 
 P(14,30)=1; 
 P(15,16)=1; 
 P(15,19)=1; 
 P(16,17)=1; 
 P(16,115)=1; 
 P(17,18)=1; 
 P(17,115)=1; 
 P(18,15)=1; 
 P(19,20)=1; 
 P(19,115)=1; 
 P(20,21)=1; 
 P(20,115)=1; 
 P(21,22)=1; 
 P(21,29)=1; 
 P(22,23)=1; 
 P(22,28)=1; 
 P(23,24)=1; 
 P(23,27)=1; 
 P(24,25)=1; 
 P(24,115)=1; 
 P(25,26)=1; 
 P(25,115)=1; 
 P(26,23)=1; 
 P(27,22)=1; 
 P(28,21)=1; 
 P(29,14)=1; 
 P(30,7)=1; 
 P(31,32)=1; 
 P(31,56)=1; 
 P(32,33)=1; 
 P(33,34)=1; 
 P(34,35)=1; 
 P(34,45)=1; 
 P(35,36)=1; 
 P(35,39)=1; 
 P(36,37)=1; 
 P(36,115)=1; 
 P(37,38)=1; 
 P(37,115)=1; 
 P(38,35)=1; 
 P(39,40)=1; 
 P(39,75)=1; 
 P(40,41)=1; 
 P(40,44)=1; 
 P(41,42)=1; 
 P(41,115)=1; 
 P(42,43)=1; 
 P(42,115)=1; 
 P(43,40)=1; 
 P(44,39)=1; 
 P(45,46)=1; 
 P(45,75)=1; 
 P(46,47)=1; 
 P(46,50)=1; 
 P(47,48)=1; 
 P(47,115)=1; 
 P(48,49)=1; 
 P(48,115)=1; 
 P(49,46)=1; 
 P(50,51)=1; 
 P(50,53)=1; 
 P(51,52)=1; 
 P(51,115)=1; 
 P(52,55)=1; 
 P(52,115)=1; 
 P(53,54)=1; 
 P(53,115)=1; 
 P(54,55)=1; 
 P(54,115)=1; 
 P(55,45)=1; 
 P(56,57)=1; 
 P(56,73)=1; 
 P(57,58)=1; 
 P(57,60)=1; 
 P(58,59)=1; 
 P(58,115)=1; 
 P(59,62)=1; 
 P(59,115)=1; 
 P(60,61)=1; 
 P(60,115)=1; 
 P(61,62)=1; 
 P(61,115)=1; 
 P(62,63)=1; 
 P(62,115)=1; 
 P(63,64)=1; 
 P(63,115)=1; 
 P(64,65)=1; 
 P(64,115)=1; 
 P(65,66)=1; 
 P(65,115)=1; 
 P(66,67)=1; 
 P(66,72)=1; 
 P(67,68)=1; 
 P(67,71)=1; 
 P(68,69)=1; 
 P(68,115)=1; 
 P(69,70)=1; 
 P(69,115)=1; 
 P(70,67)=1; 
 P(71,66)=1; 
 P(72,74)=1; 
 P(73,74)=1; 
 P(74,75)=1; 
 P(75,76)=1; 
 P(75,110)=1; 
 P(76,77)=1; 
 P(77,78)=1; 
 P(77,95)=1; 
 P(78,79)=1; 
 P(78,92)=1; 
 P(79,80)=1; 
 P(79,82)=1; 
 P(80,81)=1; 
 P(80,115)=1; 
 P(81,90)=1; 
 P(81,115)=1; 
 P(82,83)=1; 
 P(82,85)=1; 
 P(83,84)=1; 
 P(83,115)=1; 
 P(84,90)=1; 
 P(84,115)=1; 
 P(85,86)=1; 
 P(85,88)=1; 
 P(86,87)=1; 
 P(86,115)=1; 
 P(87,90)=1; 
 P(87,115)=1; 
 P(88,89)=1; 
 P(88,115)=1; 
 P(89,90)=1; 
 P(89,115)=1; 
 P(90,91)=1; 
 P(90,115)=1; 
 P(91,109)=1; 
 P(91,115)=1; 
 P(92,93)=1; 
 P(92,109)=1; 
 P(93,94)=1; 
 P(94,92)=1; 
 P(95,96)=1; 
 P(95,115)=1; 
 P(96,97)=1; 
 P(96,115)=1; 
 P(97,98)=1; 
 P(97,115)=1; 
 P(98,99)=1; 
 P(98,115)=1; 
 P(99,100)=1; 
 P(99,109)=1; 
 P(100,101)=1; 
 P(100,108)=1; 
 P(101,102)=1; 
 P(101,115)=1; 
 P(102,103)=1; 
 P(102,115)=1; 
 P(103,104)=1; 
 P(103,115)=1; 
 P(104,105)=1; 
 P(104,115)=1; 
 P(105,106)=1; 
 P(105,115)=1; 
 P(106,107)=1; 
 P(106,115)=1; 
 P(107,100)=1; 
 P(108,99)=1; 
 P(109,75)=1; 
 P(110,111)=1; 
 P(110,113)=1; 
 P(111,112)=1; 
 P(112,110)=1; 
 P(113,114)=1; 
 P(114,114)=1; 
 P(115,115)=1; 
 
 
 
 fragment = [ 0 0 0 0 0 0 0 0 0 0 0 0 0 0 0 0 0 0 0 0 0 0 0 0 0 0 0 0 0 0 0 0 0 0 0 0 0 0 0 0 0 0 0 0 0 0 0 0 0 0 0 0 0 0 0 0 0 0 0 0 0 0 0 0 0 0 0 0 0 0 0 0 0 0 0 0 0 0 0 0 0 0 0 0 0 0 0 0 0 0 0 0 0 0 0 0 0 0 0 0 0 0 0 0 0 0 0 0 0 0 0 0 0 228 229];